107 2618 858754
5004 500174
645267 452202
829174 462658
952227 479669
619892 548511
81659 526727
680245 453433
965394 482968
83024 526944
913146 472461
887450 531118
15363 510177
432132 450473
314552 453642
425336 549427
992447 505071
232249 457947
772940 541712
95110 471237
897053 529857
445458 450305
25799 485659
63851 523645
176601 462147
931891 475571
462628 450143
752416 456990
5041 500635
843349 536016
116290 468413
73470 525372
270092 455721
590662 450846
979777 487696
8872 506241
809858 538992
166182 463081
7851 494642
9014 493647
377351 451560
217017 458977
873430 467180
867417 533505
107584 469524
443887 549677
11040 507786
708165 545363
159872 463674
11571 491881
435096 549568
289662 545261
52890 478545
905301 528704
6867 495663
885549 531358
107616 469520
6088 503313
862833 465989
6561 496034
78330 473812
111409 530972
149640 535320
462732 450142
992248 505265
33234 483356
764279 542277
911093 472149
319195 546545
397022 451094
394966 451139
28233 515138
70438 475155
863262 466036
254496 456583
873701 532788
988841 507862
5303 498252
473755 450071
955506 519570
87252 472400
986334 509314
16412 489326
745227 456568
396448 451107
862001 534101
379943 548507
26948 514723
397793 451078
642350 452113
92182 471662
224593 541546
456371 450195
201903 539916
810085 538973
239222 457502
950438 520732
823966 537804
986018 509481
788163 540654
194339 460672
289013 454770
306813 546034
971910 484908
124189 532541
993260 504187
886860 531192
994705 501724