71 2352 222157
6421 496215
608937 548774
767046 457901
440959 450357
433533 450453
889678 469167
884296 468486
775579 541534
557001 450333
982356 511228
942745 477641
782649 541047
215674 459072
295447 454469
299585 545718
979264 487494
284720 545023
14669 509833
991395 506023
957388 519117
386118 451342
496425 450002
595079 549068
72456 474803
19422 488019
371907 451704
10863 507672
243795 457219
434235 450444
475333 549937
369939 451757
224667 458449
991191 493810
332560 547052
967930 483692
26369 485468
23708 513615
142360 534568
48858 479424
613841 548659
142310 534562
118602 531871
150290 464614
907406 528398
66554 475853
975171 514009
990225 506927
340939 547348
7239 495251
11411 491980
739351 456234
913340 527510
902820 470942
555107 549689
539194 549843
341355 547362
240396 542571
710039 454725
464831 450127
837916 536536
310627 453804
425861 450565
52136 521294
992551 504967
791234 459570
63442 476432
874636 467321
925536 474458
884700 531464
566092 450448
992567 495050