Case #1: [-8, -14, -13, 0, -20, -19, -12, 1]
[-8, -14, -13, 0, -20, -19, -12, 0]
[-8, -14, -13, 0, -20, -19, -12, 0]
[-8, -14, -13, 0, -20, -19, -12, 0]
[-8, -14, -13, 0, -20, -19, -12, 0]
[-8, -14, -13, 0, -20, -19, -12, 0]
[-8, -14, -13, 0, -20, -19, -12, 0]
[-8, -14, -13, 0, -20, -19, -12, 0]
[-7, -14, -13, 0, -20, -19, -12, 0]
[-8, -13, -13, 0, -20, -19, -12, 0]
[-8, -14, -12, 0, -20, -19, -12, 0]
[-7, -14, -13, 1, -20, -19, -12, 0]
[-8, -13, -13, 0, -19, -19, -12, 0]
[-8, -14, -12, 0, -20, -18, -12, 0]
[-8, -14, -13, 1, -20, -19, -11, 0]
[-8, -14, -13, 0, -19, -19, -12, 1]
[-8, -14, -13, 0, -20, -18, -12, 0]
[-8, -14, -13, 0, -20, -19, -11, 0]
[-8, -14, -13, 0, -20, -19, -12, 1]
[-8, -14, -13, 0, -20, -19, -12, 0]
[-8, -14, -13, 0, -20, -19, -12, 0]
[-8, -14, -13, 0, -20, -19, -12, 0]
[-8, -14, -13, 0, -20, -19, -12, 0]
[-7, -14, -13, 0, -20, -19, -12, 0]
[-8, -13, -13, 0, -20, -19, -12, 0]
[-8, -14, -12, 0, -20, -19, -12, 0]
[-6, -14, -13, 1, -20, -19, -12, 0]
[-8, -12, -13, 0, -19, -19, -12, 0]
[-8, -14, -11, 0, -20, -18, -12, 0]
[-7, -14, -13, 2, -20, -19, -11, 0]
[-8, -13, -13, 0, -18, -19, -12, 1]
[-8, -14, -12, 0, -20, -17, -12, 0]
[-8, -14, -13, 1, -20, -19, -10, 0]
[-8, -14, -13, 0, -19, -19, -12, 2]
[-8, -14, -13, 0, -20, -18, -12, 0]
[-8, -14, -13, 0, -20, -19, -11, 0]
[-8, -14, -13, 0, -20, -19, -12, 1]
[-8, -14, -13, 0, -20, -19, -12, 0]
[-7, -14, -13, 0, -20, -19, -12, 0]
[-8, -13, -13, 0, -20, -19, -12, 0]
[-8, -14, -12, 0, -20, -19, -12, 0]
[-5, -14, -13, 1, -20, -19, -12, 0]
[-8, -11, -13, 0, -19, -19, -12, 0]
[-8, -14, -10, 0, -20, -18, -12, 0]
[-5, -14, -13, 3, -20, -19, -11, 0]
[-8, -11, -13, 0, -17, -19, -12, 1]
[-8, -14, -10, 0, -20, -16, -12, 0]
[-7, -14, -13, 3, -20, -19, -9, 0]
[-8, -13, -13, 0, -17, -19, -12, 3]
[-8, -14, -12, 0, -20, -16, -12, 0]
[-8, -14, -13, 1, -20, -19, -9, 0]
[-8, -14, -13, 0, -19, -19, -12, 3]
[-8, -14, -13, 0, -20, -18, -12, 0]
[-7, -14, -13, 0, -20, -19, -11, 0]
[-8, -13, -13, 0, -20, -19, -12, 1]
[-8, -14, -12, 0, -20, -19, -12, 0]
[-4, -14, -13, 1, -20, -19, -12, 0]
[-8, -10, -13, 0, -19, -19, -12, 0]
[-8, -14, -9, 0, -20, -18, -12, 0]
[-2, -14, -13, 4, -20, -19, -11, 0]
[-8, -8, -13, 0, -16, -19, -12, 1]
[-8, -14, -7, 0, -20, -15, -12, 0]
[-4, -14, -13, 6, -20, -19, -8, 0]
[-8, -10, -13, 0, -14, -19, -12, 4]
[-8, -14, -9, 0, -20, -13, -12, 0]
[-7, -14, -13, 4, -20, -19, -6, 0]
[-8, -13, -13, 0, -16, -19, -12, 6]
[-8, -14, -12, 0, -20, -15, -12, 0]
[-7, -14, -13, 1, -20, -19, -8, 0]
[-8, -13, -13, 0, -19, -19, -12, 4]
[-8, -14, -12, 0, -20, -18, -12, 0]
[-3, -14, -13, 1, -20, -19, -11, 0]
[-8, -9, -13, 0, -19, -19, -12, 1]
[-8, -14, -8, 0, -20, -18, -12, 0]
[2, -14, -13, 5, -20, -19, -11, 0]
[-8, -4, -13, 0, -15, -19, -12, 1]
[-8, -14, -3, 0, -20, -14, -12, 0]
[2, -14, -13, 10, -20, -19, -7, 0]
[-8, -4, -13, 0, -10, -19, -12, 5]
[-8, -14, -3, 0, -20, -9, -12, 0]
[-3, -14, -13, 10, -20, -19, -2, 0]
[-8, -9, -13, 0, -10, -19, -12, 10]
[-8, -14, -8, 0, -20, -9, -12, 0]
[-6, -14, -13, 5, -20, -19, -2, 0]
[-8, -12, -13, 0, -15, -19, -12, 10]
[-8, -14, -11, 0, -20, -14, -12, 0]
[-2, -14, -13, 2, -20, -19, -7, 0]
[-8, -8, -13, 0, -18, -19, -12, 5]
[-8, -14, -7, 0, -20, -17, -12, 0]
[7, -14, -13, 6, -20, -19, -10, 0]
[-8, 1, -13, 0, -14, -19, -12, 2]
[-8, -14, 2, 0, -20, -13, -12, 0]
[12, -14, -13, 15, -20, -19, -6, 0]
[-8, 6, -13, 0, -5, -19, -12, 6]
[-8, -14, 7, 0, -20, -4, -12, 0]
[7, -14, -13, 20, -20, -19, 3, 0]
[-8, 1, -13, 0, 0, -19, -12, 15]
[-8, -14, 2, 0, -20, 1, -12, 0]
[-1, -14, -13, 15, -20, -19, 8, 0]
[-8, -7, -13, 0, -5, -19, -12, 20]
[-8, -14, -6, 0, -20, -4, -12, 0]
[0, -14, -13, 7, -20, -19, 3, 0]
[-8, -6, -13, 0, -13, -19, -12, 15]
[-8, -14, -5, 0, -20, -12, -12, 0]
[13, -14, -13, 8, -20, -19, -5, 0]
[-8, 7, -13, 0, -12, -19, -12, 7]
[-8, -14, 8, 0, -20, -11, -12, 0]
[27, -14, -13, 21, -20, -19, -4, 0]
[-8, 21, -13, 0, 1, -19, -12, 8]
[-8, -14, 22, 0, -20, 2, -12, 0]
[27, -14, -13, 35, -20, -19, 9, 0]
[-8, 21, -13, 0, 15, -19, -12, 21]
[-8, -14, 22, 0, -20, 16, -12, 0]
[14, -14, -13, 35, -20, -19, 23, 0]
[-8, 8, -13, 0, 15, -19, -12, 35]
[-8, -14, 9, 0, -20, 16, -12, 0]
[7, -14, -13, 22, -20, -19, 23, 0]
[-8, 1, -13, 0, 2, -19, -12, 35]
[-8, -14, 2, 0, -20, 3, -12, 0]
[21, -14, -13, 15, -20, -19, 10, 0]
[-8, 15, -13, 0, -5, -19, -12, 22]
[-8, -14, 16, 0, -20, -4, -12, 0]
[48, -14, -13, 29, -20, -19, 3, 0]
[-8, 42, -13, 0, 9, -19, -12, 15]
[-8, -14, 43, 0, -20, 10, -12, 0]
[62, -14, -13, 56, -20, -19, 17, 0]
[-8, 56, -13, 0, 36, -19, -12, 29]
[-8, -14, 57, 0, -20, 37, -12, 0]
[49, -14, -13, 70, -20, -19, 44, 0]
[-8, 43, -13, 0, 50, -19, -12, 56]
[-8, -14, 44, 0, -20, 51, -12, 0]
[29, -14, -13, 57, -20, -19, 58, 0]
[-8, 23, -13, 0, 37, -19, -12, 70]
[-8, -14, 24, 0, -20, 38, -12, 0]
[36, -14, -13, 37, -20, -19, 45, 0]
[-8, 30, -13, 0, 17, -19, -12, 57]
[-8, -14, 31, 0, -20, 18, -12, 0]
[77, -14, -13, 44, -20, -19, 25, 0]
[-8, 71, -13, 0, 24, -19, -12, 37]
[-8, -14, 72, 0, -20, 25, -12, 0]
[118, -14, -13, 85, -20, -19, 32, 0]
[-8, 112, -13, 0, 65, -19, -12, 44]
[-8, -14, 113, 0, -20, 66, -12, 0]
[119, -14, -13, 126, -20, -19, 73, 0]
[-8, 113, -13, 0, 106, -19, -12, 85]
[-8, -14, 114, 0, -20, 107, -12, 0]
[86, -14, -13, 127, -20, -19, 114, 0]
[-8, 80, -13, 0, 107, -19, -12, 126]
[-8, -14, 81, 0, -20, 108, -12, 0]
[73, -14, -13, 94, -20, -19, 115, 0]
[-8, 67, -13, 0, 74, -19, -12, 127]
[-8, -14, 68, 0, -20, 75, -12, 0]
[121, -14, -13, 81, -20, -19, 82, 0]
[-8, 115, -13, 0, 61, -19, -12, 94]
[-8, -14, 116, 0, -20, 62, -12, 0]
[203, -14, -13, 129, -20, -19, 69, 0]
[-8, 197, -13, 0, 109, -19, -12, 81]
[-8, -14, 198, 0, -20, 110, -12, 0]
[245, -14, -13, 211, -20, -19, 117, 0]
[-8, 239, -13, 0, 191, -19, -12, 129]
[-8, -14, 240, 0, -20, 192, -12, 0]
[213, -14, -13, 253, -20, -19, 199, 0]
[-8, 207, -13, 0, 233, -19, -12, 211]
[-8, -14, 208, 0, -20, 234, -12, 0]
[167, -14, -13, 221, -20, -19, 241, 0]
[-8, 161, -13, 0, 201, -19, -12, 253]
[-8, -14, 162, 0, -20, 202, -12, 0]
[202, -14, -13, 175, -20, -19, 209, 0]
[-8, 196, -13, 0, 155, -19, -12, 221]
[-8, -14, 197, 0, -20, 156, -12, 0]
[332, -14, -13, 210, -20, -19, 163, 0]
[-8, 326, -13, 0, 190, -19, -12, 175]
[-8, -14, 327, 0, -20, 191, -12, 0]
[456, -14, -13, 340, -20, -19, 198, 0]
[-8, 450, -13, 0, 320, -19, -12, 210]
[-8, -14, 451, 0, -20, 321, -12, 0]
[466, -14, -13, 464, -20, -19, 328, 0]
[-8, 460, -13, 0, 444, -19, -12, 340]
[-8, -14, 461, 0, -20, 445, -12, 0]
[388, -14, -13, 474, -20, -19, 452, 0]
[-8, 382, -13, 0, 454, -19, -12, 464]
[-8, -14, 383, 0, -20, 455, -12, 0]
[377, -14, -13, 396, -20, -19, 462, 0]
[-8, 371, -13, 0, 376, -19, -12, 474]
[-8, -14, 372, 0, -20, 377, -12, 0]
[542, -14, -13, 385, -20, -19, 384, 0]
[-8, 536, -13, 0, 365, -19, -12, 396]
[-8, -14, 537, 0, -20, 366, -12, 0]
[796, -14, -13, 550, -20, -19, 373, 0]
[-8, 790, -13, 0, 530, -19, -12, 385]
[-8, -14, 791, 0, -20, 531, -12, 0]
[930, -14, -13, 804, -20, -19, 538, 0]
[-8, 924, -13, 0, 784, -19, -12, 550]
[-8, -14, 925, 0, -20, 785, -12, 0]
[862, -14, -13, 938, -20, -19, 792, 0]
[-8, 856, -13, 0, 918, -19, -12, 804]
[-8, -14, 857, 0, -20, 919, -12, 0]
[773, -14, -13, 870, -20, -19, 926, 0]
[-8, 767, -13, 0, 850, -19, -12, 938]
[-8, -14, 768, 0, -20, 851, -12, 0]
[927, -14, -13, 781, -20, -19, 858, 0]
[-8, 921, -13, 0, 761, -19, -12, 870]
[-8, -14, 922, 0, -20, 762, -12, 0]
[1346, -14, -13, 935, -20, -19, 769, 0]
[-8, 1340, -13, 0, 915, -19, -12, 781]
[-8, -14, 1341, 0, -20, 916, -12, 0]
[1734, -14, -13, 1354, -20, -19, 923, 0]
[-8, 1728, -13, 0, 1334, -19, -12, 935]
[-8, -14, 1729, 0, -20, 1335, -12, 0]
[1800, -14, -13, 1742, -20, -19, 1342, 0]
[-8, 1794, -13, 0, 1722, -19, -12, 1354]
[-8, -14, 1795, 0, -20, 1723, -12, 0]
[1643, -14, -13, 1808, -20, -19, 1730, 0]
[-8, 1637, -13, 0, 1788, -19, -12, 1742]
[-8, -14, 1638, 0, -20, 1789, -12, 0]
[1708, -14, -13, 1651, -20, -19, 1796, 0]
[-8, 1702, -13, 0, 1631, -19, -12, 1808]
[-8, -14, 1703, 0, -20, 1632, -12, 0]
[2281, -14, -13, 1716, -20, -19, 1639, 0]
[-8, 2275, -13, 0, 1696, -19, -12, 1651]
[-8, -14, 2276, 0, -20, 1697, -12, 0]
[3088, -14, -13, 2289, -20, -19, 1704, 0]
[-8, 3082, -13, 0, 2269, -19, -12, 1716]
[-8, -14, 3083, 0, -20, 2270, -12, 0]
[3542, -14, -13, 3096, -20, -19, 2277, 0]
[-8, 3536, -13, 0, 3076, -19, -12, 2289]
[-8, -14, 3537, 0, -20, 3077, -12, 0]
[3451, -14, -13, 3550, -20, -19, 3084, 0]
[-8, 3445, -13, 0, 3530, -19, -12, 3096]
[-8, -14, 3446, 0, -20, 3531, -12, 0]
[3359, -14, -13, 3459, -20, -19, 3538, 0]
[-8, 3353, -13, 0, 3439, -19, -12, 3550]
[-8, -14, 3354, 0, -20, 3440, -12, 0]
[3997, -14, -13, 3367, -20, -19, 3447, 0]
[-8, 3991, -13, 0, 3347, -19, -12, 3459]
[-8, -14, 3992, 0, -20, 3348, -12, 0]
[5377, -14, -13, 4005, -20, -19, 3355, 0]
[-8, 5371, -13, 0, 3985, -19, -12, 3367]
[-8, -14, 5372, 0, -20, 3986, -12, 0]
[6638, -14, -13, 5385, -20, -19, 3993, 0]
[-8, 6632, -13, 0, 5365, -19, -12, 4005]
[-8, -14, 6633, 0, -20, 5366, -12, 0]
[7001, -14, -13, 6646, -20, -19, 5373, 0]
[-8, 6995, -13, 0, 6626, -19, -12, 5385]
[-8, -14, 6996, 0, -20, 6627, -12, 0]
[6818, -14, -13, 7009, -20, -19, 6634, 0]
[-8, 6812, -13, 0, 6989, -19, -12, 6646]
[-8, -14, 6813, 0, -20, 6990, -12, 0]
[7364, -14, -13, 6826, -20, -19, 6997, 0]
[-8, 7358, -13, 0, 6806, -19, -12, 7009]
[-8, -14, 7359, 0, -20, 6807, -12, 0]
[9382, -14, -13, 7372, -20, -19, 6814, 0]
[-8, 9376, -13, 0, 7352, -19, -12, 6826]
[-8, -14, 9377, 0, -20, 7353, -12, 0]
[12023, -14, -13, 9390, -20, -19, 7360, 0]
[-8, 12017, -13, 0, 9370, -19, -12, 7372]
[-8, -14, 12018, 0, -20, 9371, -12, 0]
[13647, -14, -13, 12031, -20, -19, 9378, 0]
[-8, 13641, -13, 0, 12011, -19, -12, 9390]
[-8, -14, 13642, 0, -20, 12012, -12, 0]
[13827, -14, -13, 13655, -20, -19, 12019, 0]
[-8, 13821, -13, 0, 13635, -19, -12, 12031]
[-8, -14, 13822, 0, -20, 13636, -12, 0]
[14190, -14, -13, 13835, -20, -19, 13643, 0]
[-8, 14184, -13, 0, 13815, -19, -12, 13655]
[-8, -14, 14185, 0, -20, 13816, -12, 0]
[16754, -14, -13, 14198, -20, -19, 13823, 0]
[-8, 16748, -13, 0, 14178, -19, -12, 13835]
[-8, -14, 16749, 0, -20, 14179, -12, 0]
[21413, -14, -13, 16762, -20, -19, 14186, 0]
[-8, 21407, -13, 0, 16742, -19, -12, 14198]
[-8, -14, 21408, 0, -20, 16743, -12, 0]
[25678, -14, -13, 21421, -20, -19, 16750, 0]
[-8, 25672, -13, 0, 21401, -19, -12, 16762]
[-8, -14, 25673, 0, -20, 21402, -12, 0]
[27482, -14, -13, 25686, -20, -19, 21409, 0]
[-8, 27476, -13, 0, 25666, -19, -12, 21421]
[-8, -14, 27477, 0, -20, 25667, -12, 0]
[28025, -14, -13, 27490, -20, -19, 25674, 0]
[-8, 28019, -13, 0, 27470, -19, -12, 25686]
[-8, -14, 28020, 0, -20, 27471, -12, 0]
[30952, -14, -13, 28033, -20, -19, 27478, 0]
[-8, 30946, -13, 0, 28013, -19, -12, 27490]
[-8, -14, 30947, 0, -20, 28014, -12, 0]
[38175, -14, -13, 30960, -20, -19, 28021, 0]
[-8, 38169, -13, 0, 30940, -19, -12, 28033]
[-8, -14, 38170, 0, -20, 30941, -12, 0]
[47099, -14, -13, 38183, -20, -19, 30948, 0]
[-8, 47093, -13, 0, 38163, -19, -12, 30960]
[-8, -14, 47094, 0, -20, 38164, -12, 0]
[53168, -14, -13, 47107, -20, -19, 38171, 0]
[-8, 53162, -13, 0, 47087, -19, -12, 38183]
[-8, -14, 53163, 0, -20, 47088, -12, 0]
[55515, -14, -13, 53176, -20, -19, 47095, 0]
[-8, 55509, -13, 0, 53156, -19, -12, 47107]
[-8, -14, 55510, 0, -20, 53157, -12, 0]
[58985, -14, -13, 55523, -20, -19, 53164, 0]
[-8, 58979, -13, 0, 55503, -19, -12, 53176]
[-8, -14, 58980, 0, -20, 55504, -12, 0]
[69135, -14, -13, 58993, -20, -19, 55511, 0]
[-8, 69129, -13, 0, 58973, -19, -12, 55523]
[-8, -14, 69130, 0, -20, 58974, -12, 0]
[85282, -14, -13, 69143, -20, -19, 58981, 0]
[-8, 85276, -13, 0, 69123, -19, -12, 58993]
[-8, -14, 85277, 0, -20, 69124, -12, 0]
[100275, -14, -13, 85290, -20, -19, 69131, 0]
[-8, 100269, -13, 0, 85270, -19, -12, 69143]
[-8, -14, 100270, 0, -20, 85271, -12, 0]
[108691, -14, -13, 100283, -20, -19, 85278, 0]
[-8, 108685, -13, 0, 100263, -19, -12, 85290]
[-8, -14, 108686, 0, -20, 100264, -12, 0]
[114508, -14, -13, 108699, -20, -19, 100271, 0]
[-8, 114502, -13, 0, 108679, -19, -12, 100283]
[-8, -14, 114503, 0, -20, 108680, -12, 0]
[128128, -14, -13, 114516, -20, -19, 108687, 0]
[-8, 128122, -13, 0, 114496, -19, -12, 108699]
[-8, -14, 128123, 0, -20, 114497, -12, 0]
[154425, -14, -13, 128136, -20, -19, 114504, 0]
[-8, 154419, -13, 0, 128116, -19, -12, 114516]
[-8, -14, 154420, 0, -20, 128117, -12, 0]
[185565, -14, -13, 154433, -20, -19, 128124, 0]
[-8, 185559, -13, 0, 154413, -19, -12, 128136]
[-8, -14, 185560, 0, -20, 154414, -12, 0]
[208974, -14, -13, 185573, -20, -19, 154421, 0]
[-8, 208968, -13, 0, 185553, -19, -12, 154433]
[-8, -14, 208969, 0, -20, 185554, -12, 0]
[223207, -14, -13, 208982, -20, -19, 185561, 0]
[-8, 223201, -13, 0, 208962, -19, -12, 185573]
[-8, -14, 223202, 0, -20, 208963, -12, 0]
[242644, -14, -13, 223215, -20, -19, 208970, 0]
[-8, 242638, -13, 0, 223195, -19, -12, 208982]
[-8, -14, 242639, 0, -20, 223196, -12, 0]
[282561, -14, -13, 242652, -20, -19, 223203, 0]
[-8, 282555, -13, 0, 242632, -19, -12, 223215]
[-8, -14, 282556, 0, -20, 242633, -12, 0]
[339998, -14, -13, 282569, -20, -19, 242640, 0]
[-8, 339992, -13, 0, 282549, -19, -12, 242652]
[-8, -14, 339993, 0, -20, 282550, -12, 0]
[394547, -14, -13, 340006, -20, -19, 282557, 0]
[-8, 394541, -13, 0, 339986, -19, -12, 282569]
[-8, -14, 394542, 0, -20, 339987, -12, 0]
[432189, -14, -13, 394555, -20, -19, 339994, 0]
[-8, 432183, -13, 0, 394535, -19, -12, 340006]
[-8, -14, 432184, 0, -20, 394536, -12, 0]
[465859, -14, -13, 432197, -20, -19, 394543, 0]
[-8, 465853, -13, 0, 432177, -19, -12, 394555]
[-8, -14, 465854, 0, -20, 432178, -12, 0]
[525213, -14, -13, 465867, -20, -19, 432185, 0]
[-8, 525207, -13, 0, 465847, -19, -12, 432197]
[-8, -14, 525208, 0, -20, 465848, -12, 0]
[622567, -14, -13, 525221, -20, -19, 465855, 0]
[-8, 622561, -13, 0, 525201, -19, -12, 465867]
[-8, -14, 622562, 0, -20, 525202, -12, 0]
[734553, -14, -13, 622575, -20, -19, 525209, 0]
[-8, 734547, -13, 0, 622555, -19, -12, 525221]
[-8, -14, 734548, 0, -20, 622556, -12, 0]
[826744, -14, -13, 734561, -20, -19, 622563, 0]
[-8, 826738, -13, 0, 734541, -19, -12, 622575]
[-8, -14, 826739, 0, -20, 734542, -12, 0]
[898056, -14, -13, 826752, -20, -19, 734549, 0]
[-8, 898050, -13, 0, 826732, -19, -12, 734561]
[-8, -14, 898051, 0, -20, 826733, -12, 0]
[991080, -14, -13, 898064, -20, -19, 826740, 0]
[-8, 991074, -13, 0, 898044, -19, -12, 826752]
[-8, -14, 991075, 0, -20, 898045, -12, 0]
[1147788, -14, -13, 991088, -20, -19, 898052, 0]
[-8, 1147782, -13, 0, 991068, -19, -12, 898064]
[-8, -14, 1147783, 0, -20, 991069, -12, 0]
[1357128, -14, -13, 1147796, -20, -19, 991076, 0]
[-8, 1357122, -13, 0, 1147776, -19, -12, 991088]
[-8, -14, 1357123, 0, -20, 1147777, -12, 0]
[1561305, -14, -13, 1357136, -20, -19, 1147784, 0]
[-8, 1561299, -13, 0, 1357116, -19, -12, 1147796]
[-8, -14, 1561300, 0, -20, 1357117, -12, 0]
[1724808, -14, -13, 1561313, -20, -19, 1357124, 0]
[-8, 1724802, -13, 0, 1561293, -19, -12, 1357136]
[-8, -14, 1724803, 0, -20, 1561294, -12, 0]
[1889144, -14, -13, 1724816, -20, -19, 1561301, 0]
[-8, 1889138, -13, 0, 1724796, -19, -12, 1561313]
[-8, -14, 1889139, 0, -20, 1724797, -12, 0]
[2138876, -14, -13, 1889152, -20, -19, 1724804, 0]
[-8, 2138870, -13, 0, 1889132, -19, -12, 1724816]
[-8, -14, 2138871, 0, -20, 1889133, -12, 0]
[2504924, -14, -13, 2138884, -20, -19, 1889140, 0]
[-8, 2504918, -13, 0, 2138864, -19, -12, 1889152]
[-8, -14, 2504919, 0, -20, 2138865, -12, 0]
[2918441, -14, -13, 2504932, -20, -19, 2138872, 0]
[-8, 2918435, -13, 0, 2504912, -19, -12, 2138884]
[-8, -14, 2918436, 0, -20, 2504913, -12, 0]
[3286121, -14, -13, 2918449, -20, -19, 2504920, 0]
[-8, 3286115, -13, 0, 2918429, -19, -12, 2504932]
[-8, -14, 3286116, 0, -20, 2918430, -12, 0]
[3613960, -14, -13, 3286129, -20, -19, 2918437, 0]
[-8, 3613954, -13, 0, 3286109, -19, -12, 2918449]
[-8, -14, 3613955, 0, -20, 3286110, -12, 0]
[4028028, -14, -13, 3613968, -20, -19, 3286117, 0]
[-8, 4028022, -13, 0, 3613948, -19, -12, 3286129]
[-8, -14, 4028023, 0, -20, 3613949, -12, 0]
[4643808, -14, -13, 4028036, -20, -19, 3613956, 0]
[-8, 4643802, -13, 0, 4028016, -19, -12, 3613968]
[-8, -14, 4643803, 0, -20, 4028017, -12, 0]
[5423373, -14, -13, 4643816, -20, -19, 4028024, 0]
[-8, 5423367, -13, 0, 4643796, -19, -12, 4028036]
[-8, -14, 5423368, 0, -20, 4643797, -12, 0]
[6204570, -14, -13, 5423381, -20, -19, 4643804, 0]
[-8, 6204564, -13, 0, 5423361, -19, -12, 4643816]
[-8, -14, 6204565, 0, -20, 5423362, -12, 0]
[6900089, -14, -13, 6204578, -20, -19, 5423369, 0]
[-8, 6900083, -13, 0, 6204558, -19, -12, 5423381]
[-8, -14, 6900084, 0, -20, 6204559, -12, 0]
[7641996, -14, -13, 6900097, -20, -19, 6204566, 0]
[-8, 7641990, -13, 0, 6900077, -19, -12, 6204578]
[-8, -14, 7641991, 0, -20, 6900078, -12, 0]
[8671844, -14, -13, 7642004, -20, -19, 6900085, 0]
[-8, 8671838, -13, 0, 7641984, -19, -12, 6900097]
[-8, -14, 8671839, 0, -20, 7641985, -12, 0]
[10067189, -14, -13, 8671852, -20, -19, 7641992, 0]
[-8, 10067183, -13, 0, 8671832, -19, -12, 7642004]
[-8, -14, 10067184, 0, -20, 8671833, -12, 0]
[11627951, -14, -13, 10067197, -20, -19, 8671840, 0]
[-8, 11627945, -13, 0, 10067177, -19, -12, 8671852]
[-8, -14, 11627946, 0, -20, 10067178, -12, 0]
[13104667, -14, -13, 11627959, -20, -19, 10067185, 0]
[-8, 13104661, -13, 0, 11627939, -19, -12, 10067197]
[-8, -14, 13104662, 0, -20, 11627940, -12, 0]
[14542093, -14, -13, 13104675, -20, -19, 11627947, 0]
[-8, 14542087, -13, 0, 13104655, -19, -12, 11627959]
[-8, -14, 14542088, 0, -20, 13104656, -12, 0]
[16313848, -14, -13, 14542101, -20, -19, 13104663, 0]
[-8, 16313842, -13, 0, 14542081, -19, -12, 13104675]
[-8, -14, 16313843, 0, -20, 14542082, -12, 0]
[18739041, -14, -13, 16313856, -20, -19, 14542089, 0]
[-8, 18739035, -13, 0, 16313836, -19, -12, 14542101]
[-8, -14, 18739036, 0, -20, 16313837, -12, 0]
[21695148, -14, -13, 18739049, -20, -19, 16313844, 0]
[-8, 21695142, -13, 0, 18739029, -19, -12, 16313856]
[-8, -14, 21695143, 0, -20, 18739030, -12, 0]
[24732626, -14, -13, 21695156, -20, -19, 18739037, 0]
[-8, 24732620, -13, 0, 21695136, -19, -12, 18739049]
[-8, -14, 24732621, 0, -20, 21695137, -12, 0]
[27646768, -14, -13, 24732634, -20, -19, 21695144, 0]
[-8, 27646762, -13, 0, 24732614, -19, -12, 21695156]
[-8, -14, 27646763, 0, -20, 24732615, -12, 0]
[30855949, -14, -13, 27646776, -20, -19, 24732622, 0]
[-8, 30855943, -13, 0, 27646756, -19, -12, 24732634]
[-8, -14, 30855944, 0, -20, 27646757, -12, 0]
[35052897, -14, -13, 30855957, -20, -19, 27646764, 0]
[-8, 35052891, -13, 0, 30855937, -19, -12, 27646776]
[-8, -14, 35052892, 0, -20, 30855938, -12, 0]
[40434197, -14, -13, 35052905, -20, -19, 30855945, 0]
[-8, 40434191, -13, 0, 35052885, -19, -12, 30855957]
[-8, -14, 40434192, 0, -20, 35052886, -12, 0]
[46427782, -14, -13, 40434205, -20, -19, 35052893, 0]
[-8, 46427776, -13, 0, 40434185, -19, -12, 35052905]
[-8, -14, 46427777, 0, -20, 40434186, -12, 0]
[52379402, -14, -13, 46427790, -20, -19, 40434193, 0]
[-8, 52379396, -13, 0, 46427770, -19, -12, 40434205]
[-8, -14, 52379397, 0, -20, 46427771, -12, 0]
[58502725, -14, -13, 52379410, -20, -19, 46427778, 0]
[-8, 58502719, -13, 0, 52379390, -19, -12, 46427790]
[-8, -14, 58502720, 0, -20, 52379391, -12, 0]
[65908854, -14, -13, 58502733, -20, -19, 52379398, 0]
[-8, 65908848, -13, 0, 58502713, -19, -12, 52379410]
[-8, -14, 65908849, 0, -20, 58502714, -12, 0]
[75487102, -14, -13, 65908862, -20, -19, 58502721, 0]
[-8, 75487096, -13, 0, 65908842, -19, -12, 58502733]
[-8, -14, 75487097, 0, -20, 65908843, -12, 0]
[86861987, -14, -13, 75487110, -20, -19, 65908850, 0]
[-8, 86861981, -13, 0, 75487090, -19, -12, 65908862]
[-8, -14, 86861982, 0, -20, 75487091, -12, 0]
[98807192, -14, -13, 86861995, -20, -19, 75487098, 0]
[-8, 98807186, -13, 0, 86861975, -19, -12, 75487110]
[-8, -14, 98807187, 0, -20, 86861976, -12, 0]
[110882135, -14, -13, 98807200, -20, -19, 86861983, 0]
[-8, 110882129, -13, 0, 98807180, -19, -12, 86861995]
[-8, -14, 110882130, 0, -20, 98807181, -12, 0]
[124411587, -14, -13, 110882143, -20, -19, 98807188, 0]
[-8, 124411581, -13, 0, 110882123, -19, -12, 98807200]
[-8, -14, 124411582, 0, -20, 110882124, -12, 0]
[141395964, -14, -13, 124411595, -20, -19, 110882131, 0]
[-8, 141395958, -13, 0, 124411575, -19, -12, 110882143]
[-8, -14, 141395959, 0, -20, 124411576, -12, 0]
[162349097, -14, -13, 141395972, -20, -19, 124411583, 0]
[-8, 162349091, -13, 0, 141395952, -19, -12, 124411595]
[-8, -14, 162349092, 0, -20, 141395953, -12, 0]
[185669187, -14, -13, 162349105, -20, -19, 141395960, 0]
[-8, 185669181, -13, 0, 162349085, -19, -12, 141395972]
[-8, -14, 185669182, 0, -20, 162349086, -12, 0]
[209689335, -14, -13, 185669195, -20, -19, 162349093, 0]
[-8, 209689329, -13, 0, 185669175, -19, -12, 162349105]
[-8, -14, 209689330, 0, -20, 185669176, -12, 0]
[235293730, -14, -13, 209689343, -20, -19, 185669183, 0]
[-8, 235293724, -13, 0, 209689323, -19, -12, 185669195]
[-8, -14, 235293725, 0, -20, 209689324, -12, 0]
[265807559, -14, -13, 235293738, -20, -19, 209689331, 0]
[-8, 265807553, -13, 0, 235293718, -19, -12, 209689343]
[-8, -14, 265807554, 0, -20, 235293719, -12, 0]
[303745069, -14, -13, 265807567, -20, -19, 235293726, 0]
[-8, 303745063, -13, 0, 265807547, -19, -12, 235293738]
[-8, -14, 303745064, 0, -20, 265807548, -12, 0]
[348018292, -14, -13, 303745077, -20, -19, 265807555, 0]
[-8, 348018286, -13, 0, 303745057, -19, -12, 265807567]
[-8, -14, 348018287, 0, -20, 303745058, -12, 0]
[395358530, -14, -13, 348018300, -20, -19, 303745065, 0]
[-8, 395358524, -13, 0, 348018280, -19, -12, 303745077]
[-8, -14, 395358525, 0, -20, 348018281, -12, 0]
[444983073, -14, -13, 395358538, -20, -19, 348018288, 0]
[-8, 444983067, -13, 0, 395358518, -19, -12, 348018300]
[-8, -14, 444983068, 0, -20, 395358519, -12, 0]
[501101297, -14, -13, 444983081, -20, -19, 395358526, 0]
[-8, 501101291, -13, 0, 444983061, -19, -12, 395358538]
[-8, -14, 501101292, 0, -20, 444983062, -12, 0]
[569552636, -14, -13, 501101305, -20, -19, 444983069, 0]
[-8, 569552630, -13, 0, 501101285, -19, -12, 444983081]
[-8, -14, 569552631, 0, -20, 501101286, -12, 0]
[651763369, -14, -13, 569552644, -20, -19, 501101293, 0]
[-8, 651763363, -13, 0, 569552624, -19, -12, 501101305]
[-8, -14, 651763364, 0, -20, 569552625, -12, 0]
[743376830, -14, -13, 651763377, -20, -19, 569552632, 0]
[-8, 743376824, -13, 0, 651763357, -19, -12, 569552644]
[-8, -14, 743376825, 0, -20, 651763358, -12, 0]
[840341611, -14, -13, 743376838, -20, -19, 651763365, 0]
[-8, 840341605, -13, 0, 743376818, -19, -12, 651763377]
[-8, -14, 840341606, 0, -20, 743376819, -12, 0]
[946084378, -14, -13, 840341619, -20, -19, 743376826, 0]
[-8, 946084372, -13, 0, 840341599, -19, -12, 743376838]
[-8, -14, 946084373, 0, -20, 840341600, -12, 0]
[1070653941, -14, -13, 946084386, -20, -19, 840341607, 0]
[-8, 1070653935, -13, 0, 946084366, -19, -12, 840341619]
[-8, -14, 1070653936, 0, -20, 946084367, -12, 0]
[1221316013, -14, -13, 1070653949, -20, -19, 946084374, 0]
[-8, 1221316007, -13, 0, 1070653929, -19, -12, 946084386]
[-8, -14, 1221316008, 0, -20, 1070653930, -12, 0]
[1395140207, -14, -13, 1221316021, -20, -19, 1070653937, 0]
[-8, 1395140201, -13, 0, 1221316001, -19, -12, 1070653949]
[-8, -14, 1395140202, 0, -20, 1221316002, -12, 0]
[1583718449, -14, -13, 1395140215, -20, -19, 1221316009, 0]
[-8, 1583718443, -13, 0, 1395140195, -19, -12, 1221316021]
[-8, -14, 1583718444, 0, -20, 1395140196, -12, 0]
[1786425997, -14, -13, 1583718457, -20, -19, 1395140203, 0]
[-8, 1786425991, -13, 0, 1583718437, -19, -12, 1395140215]
[-8, -14, 1786425992, 0, -20, 1583718438, -12, 0]
[2016738327, -14, -13, 1786426005, -20, -19, 1583718445, 0]
[-8, 2016738321, -13, 0, 1786425985, -19, -12, 1583718457]
[-8, -14, 2016738322, 0, -20, 1786425986, -12, 0]
[2291969962, -14, -13, 2016738335, -20, -19, 1786425993, 0]
[-8, 2291969956, -13, 0, 2016738315, -19, -12, 1786426005]
[-8, -14, 2291969957, 0, -20, 2016738316, -12, 0]
[2616456228, -14, -13, 2291969970, -20, -19, 2016738323, 0]
[-8, 2616456222, -13, 0, 2291969950, -19, -12, 2016738335]
[-8, -14, 2616456223, 0, -20, 2291969951, -12, 0]
[2978858664, -14, -13, 2616456236, -20, -19, 2291969958, 0]
[-8, 2978858658, -13, 0, 2616456216, -19, -12, 2291969970]
[-8, -14, 2978858659, 0, -20, 2616456217, -12, 0]
[3370144454, -14, -13, 2978858672, -20, -19, 2616456224, 0]
[-8, 3370144448, -13, 0, 2978858652, -19, -12, 2616456236]
[-8, -14, 3370144449, 0, -20, 2978858653, -12, 0]
[3803164332, -14, -13, 3370144462, -20, -19, 2978858660, 0]
[-8, 3803164326, -13, 0, 3370144442, -19, -12, 2978858672]
[-8, -14, 3803164327, 0, -20, 3370144443, -12, 0]
[4308708297, -14, -13, 3803164340, -20, -19, 3370144450, 0]
[-8, 4308708291, -13, 0, 3803164320, -19, -12, 3370144462]
[-8, -14, 4308708292, 0, -20, 3803164321, -12, 0]
[4908426198, -14, -13, 4308708305, -20, -19, 3803164328, 0]
[-8, 4908426192, -13, 0, 4308708285, -19, -12, 3803164340]
[-8, -14, 4908426193, 0, -20, 4308708286, -12, 0]
[5595314900, -14, -13, 4908426206, -20, -19, 4308708293, 0]
[-8, 5595314894, -13, 0, 4908426186, -19, -12, 4308708305]
[-8, -14, 5595314895, 0, -20, 4908426187, -12, 0]
[6349003126, -14, -13, 5595314908, -20, -19, 4908426194, 0]
[-8, 6349003120, -13, 0, 5595314888, -19, -12, 4908426206]
[-8, -14, 6349003121, 0, -20, 5595314889, -12, 0]
[7173308794, -14, -13, 6349003134, -20, -19, 5595314896, 0]
[-8, 7173308788, -13, 0, 6349003114, -19, -12, 5595314908]
[-8, -14, 7173308789, 0, -20, 6349003115, -12, 0]
[8111872637, -14, -13, 7173308802, -20, -19, 6349003122, 0]
[-8, 8111872631, -13, 0, 7173308782, -19, -12, 6349003134]
[-8, -14, 8111872632, 0, -20, 7173308783, -12, 0]
[9217134503, -14, -13, 8111872645, -20, -19, 7173308790, 0]
[-8, 9217134497, -13, 0, 8111872625, -19, -12, 7173308802]
[-8, -14, 9217134498, 0, -20, 8111872626, -12, 0]
[10503741106, -14, -13, 9217134511, -20, -19, 8111872633, 0]
[-8, 10503741100, -13, 0, 9217134491, -19, -12, 8111872645]
[-8, -14, 10503741101, 0, -20, 9217134492, -12, 0]
[11944318034, -14, -13, 10503741114, -20, -19, 9217134499, 0]
[-8, 11944318028, -13, 0, 10503741094, -19, -12, 9217134511]
[-8, -14, 11944318029, 0, -20, 10503741095, -12, 0]
[13522311928, -14, -13, 11944318042, -20, -19, 10503741102, 0]
[-8, 13522311922, -13, 0, 11944318022, -19, -12, 10503741114]
[-8, -14, 13522311923, 0, -20, 11944318023, -12, 0]
[15285181439, -14, -13, 13522311936, -20, -19, 11944318030, 0]
[-8, 15285181433, -13, 0, 13522311916, -19, -12, 11944318042]
[-8, -14, 15285181434, 0, -20, 13522311917, -12, 0]
[17329007148, -14, -13, 15285181447, -20, -19, 13522311924, 0]
[-8, 17329007142, -13, 0, 15285181427, -19, -12, 13522311936]
[-8, -14, 17329007143, 0, -20, 15285181428, -12, 0]
[19720875617, -14, -13, 17329007156, -20, -19, 15285181435, 0]
[-8, 19720875611, -13, 0, 17329007136, -19, -12, 15285181447]
[-8, -14, 19720875612, 0, -20, 17329007137, -12, 0]
[22448059148, -14, -13, 19720875625, -20, -19, 17329007144, 0]
[-8, 22448059142, -13, 0, 19720875605, -19, -12, 17329007156]
[-8, -14, 22448059143, 0, -20, 19720875606, -12, 0]
[25466629970, -14, -13, 22448059156, -20, -19, 19720875613, 0]
[-8, 25466629964, -13, 0, 22448059136, -19, -12, 19720875625]
[-8, -14, 25466629965, 0, -20, 22448059137, -12, 0]
[28807493375, -14, -13, 25466629978, -20, -19, 22448059144, 0]
[-8, 28807493369, -13, 0, 25466629958, -19, -12, 22448059156]
[-8, -14, 28807493370, 0, -20, 25466629959, -12, 0]
[32614188595, -14, -13, 28807493383, -20, -19, 25466629966, 0]
[-8, 32614188589, -13, 0, 28807493363, -19, -12, 25466629978]
[-8, -14, 32614188590, 0, -20, 28807493364, -12, 0]
[37049882773, -14, -13, 32614188603, -20, -19, 28807493371, 0]
[-8, 37049882767, -13, 0, 32614188583, -19, -12, 28807493383]
[-8, -14, 37049882768, 0, -20, 32614188584, -12, 0]
[42168934773, -14, -13, 37049882781, -20, -19, 32614188591, 0]
[-8, 42168934767, -13, 0, 37049882761, -19, -12, 32614188603]
[-8, -14, 42168934768, 0, -20, 37049882762, -12, 0]
[47914689126, -14, -13, 42168934781, -20, -19, 37049882769, 0]
[-8, 47914689120, -13, 0, 42168934761, -19, -12, 37049882781]
[-8, -14, 47914689121, 0, -20, 42168934762, -12, 0]
[54274123353, -14, -13, 47914689134, -20, -19, 42168934769, 0]
[-8, 54274123347, -13, 0, 47914689114, -19, -12, 42168934781]
[-8, -14, 54274123348, 0, -20, 47914689115, -12, 0]
[61421681978, -14, -13, 54274123361, -20, -19, 47914689122, 0]
[-8, 61421681972, -13, 0, 54274123341, -19, -12, 47914689134]
[-8, -14, 61421681973, 0, -20, 54274123342, -12, 0]
[69664071376, -14, -13, 61421681986, -20, -19, 54274123349, 0]
[-8, 69664071370, -13, 0, 61421681966, -19, -12, 54274123361]
[-8, -14, 69664071371, 0, -20, 61421681967, -12, 0]
[79218817554, -14, -13, 69664071384, -20, -19, 61421681974, 0]
[-8, 79218817548, -13, 0, 69664071364, -19, -12, 61421681986]
[-8, -14, 79218817549, 0, -20, 69664071365, -12, 0]
[90083623907, -14, -13, 79218817562, -20, -19, 69664071372, 0]
[-8, 90083623901, -13, 0, 79218817542, -19, -12, 69664071384]
[-8, -14, 90083623902, 0, -20, 79218817543, -12, 0]
[102188812487, -14, -13, 90083623915, -20, -19, 79218817550, 0]
[-8, 102188812481, -13, 0, 90083623895, -19, -12, 79218817562]
[-8, -14, 102188812482, 0, -20, 90083623896, -12, 0]
[115695805339, -14, -13, 102188812495, -20, -19, 90083623903, 0]
[-8, 115695805333, -13, 0, 102188812475, -19, -12, 90083623915]
[-8, -14, 115695805334, 0, -20, 102188812476, -12, 0]
[131085753362, -14, -13, 115695805347, -20, -19, 102188812483, 0]
[-8, 131085753356, -13, 0, 115695805327, -19, -12, 102188812495]
[-8, -14, 131085753357, 0, -20, 115695805328, -12, 0]
[148882888938, -14, -13, 131085753370, -20, -19, 115695805335, 0]
[-8, 148882888932, -13, 0, 131085753350, -19, -12, 115695805347]
[-8, -14, 148882888933, 0, -20, 131085753351, -12, 0]
[169302441469, -14, -13, 148882888946, -20, -19, 131085753358, 0]
[-8, 169302441463, -13, 0, 148882888926, -19, -12, 131085753370]
[-8, -14, 169302441464, 0, -20, 148882888927, -12, 0]
[192272436402, -14, -13, 169302441477, -20, -19, 148882888934, 0]
[-8, 192272436396, -13, 0, 169302441457, -19, -12, 148882888946]
[-8, -14, 192272436397, 0, -20, 169302441458, -12, 0]
[217884617834, -14, -13, 192272436410, -20, -19, 169302441465, 0]
[-8, 217884617828, -13, 0, 192272436390, -19, -12, 169302441477]
[-8, -14, 217884617829, 0, -20, 192272436391, -12, 0]
[246781558709, -14, -13, 217884617842, -20, -19, 192272436398, 0]
[-8, 246781558703, -13, 0, 217884617822, -19, -12, 192272436410]
[-8, -14, 246781558704, 0, -20, 217884617823, -12, 0]
[279968642308, -14, -13, 246781558717, -20, -19, 217884617830, 0]
[-8, 279968642302, -13, 0, 246781558697, -19, -12, 217884617842]
[-8, -14, 279968642303, 0, -20, 246781558698, -12, 0]
[318185330415, -14, -13, 279968642316, -20, -19, 246781558705, 0]
[-8, 318185330409, -13, 0, 279968642296, -19, -12, 246781558717]
[-8, -14, 318185330410, 0, -20, 279968642297, -12, 0]
[361574877879, -14, -13, 318185330423, -20, -19, 279968642304, 0]
[-8, 361574877873, -13, 0, 318185330403, -19, -12, 279968642316]
[-8, -14, 361574877874, 0, -20, 318185330404, -12, 0]
[410157054244, -14, -13, 361574877887, -20, -19, 318185330411, 0]
[-8, 410157054238, -13, 0, 361574877867, -19, -12, 318185330423]
[-8, -14, 410157054239, 0, -20, 361574877868, -12, 0]
[464666176551, -14, -13, 410157054252, -20, -19, 361574877875, 0]
[-8, 464666176545, -13, 0, 410157054232, -19, -12, 361574877887]
[-8, -14, 464666176546, 0, -20, 410157054233, -12, 0]
[526750201025, -14, -13, 464666176559, -20, -19, 410157054240, 0]
[-8, 526750201019, -13, 0, 464666176539, -19, -12, 410157054252]
[-8, -14, 526750201020, 0, -20, 464666176540, -12, 0]
[598153972731, -14, -13, 526750201033, -20, -19, 464666176547, 0]
[-8, 598153972725, -13, 0, 526750201013, -19, -12, 464666176559]
[-8, -14, 598153972726, 0, -20, 526750201014, -12, 0]
[679760208302, -14, -13, 598153972739, -20, -19, 526750201021, 0]
[-8, 679760208296, -13, 0, 598153972719, -19, -12, 526750201033]
[-8, -14, 679760208297, 0, -20, 598153972720, -12, 0]
[771731932131, -14, -13, 679760208310, -20, -19, 598153972727, 0]
[-8, 771731932125, -13, 0, 679760208290, -19, -12, 598153972739]
[-8, -14, 771731932126, 0, -20, 679760208291, -12, 0]
[874823230803, -14, -13, 771731932139, -20, -19, 679760208298, 0]
[-8, 874823230797, -13, 0, 771731932119, -19, -12, 679760208310]
[-8, -14, 874823230798, 0, -20, 771731932120, -12, 0]
[991416377584, -14, -13, 874823230811, -20, -19, 771731932127, 0]
[-8, 991416377578, -13, 0, 874823230791, -19, -12, 771731932139]
[-8, -14, 991416377579, 0, -20, 874823230792, -12, 0]
[1124904173764, -14, -13, 991416377592, -20, -19, 874823230799, 0]
[-8, 1124904173758, -13, 0, 991416377572, -19, -12, 874823230811]
[-8, -14, 1124904173759, 0, -20, 991416377573, -12, 0]
[1277914181041, -14, -13, 1124904173772, -20, -19, 991416377580, 0]
[-8, 1277914181035, -13, 0, 1124904173752, -19, -12, 991416377592]
[-8, -14, 1277914181036, 0, -20, 1124904173753, -12, 0]
[1451492140441, -14, -13, 1277914181049, -20, -19, 1124904173760, 0]
[-8, 1451492140435, -13, 0, 1277914181029, -19, -12, 1124904173772]
[-8, -14, 1451492140436, 0, -20, 1277914181030, -12, 0]
[1646555162942, -14, -13, 1451492140449, -20, -19, 1277914181037, 0]
[-8, 1646555162936, -13, 0, 1451492140429, -19, -12, 1277914181049]
[-8, -14, 1646555162937, 0, -20, 1451492140430, -12, 0]
[1866239608395, -14, -13, 1646555162950, -20, -19, 1451492140437, 0]
[-8, 1866239608389, -13, 0, 1646555162930, -19, -12, 1451492140449]
[-8, -14, 1866239608390, 0, -20, 1646555162931, -12, 0]
[2116320551356, -14, -13, 1866239608403, -20, -19, 1646555162938, 0]
[-8, 2116320551350, -13, 0, 1866239608383, -19, -12, 1646555162950]
[-8, -14, 2116320551351, 0, -20, 1866239608384, -12, 0]
[2402818354813, -14, -13, 2116320551364, -20, -19, 1866239608391, 0]
[-8, 2402818354807, -13, 0, 2116320551344, -19, -12, 1866239608403]
[-8, -14, 2402818354808, 0, -20, 2116320551345, -12, 0]
[2729406321490, -14, -13, 2402818354821, -20, -19, 2116320551352, 0]
[-8, 2729406321484, -13, 0, 2402818354801, -19, -12, 2116320551364]
[-8, -14, 2729406321485, 0, -20, 2402818354802, -12, 0]
[3098047303391, -14, -13, 2729406321498, -20, -19, 2402818354809, 0]
[-8, 3098047303385, -13, 0, 2729406321478, -19, -12, 2402818354821]
[-8, -14, 3098047303386, 0, -20, 2729406321479, -12, 0]
[3512794771345, -14, -13, 3098047303399, -20, -19, 2729406321486, 0]
[-8, 3512794771339, -13, 0, 3098047303379, -19, -12, 2729406321498]
[-8, -14, 3512794771340, 0, -20, 3098047303380, -12, 0]
[3982560159759, -14, -13, 3512794771353, -20, -19, 3098047303387, 0]
[-8, 3982560159753, -13, 0, 3512794771333, -19, -12, 3098047303399]
[-8, -14, 3982560159754, 0, -20, 3512794771334, -12, 0]
[4519138906177, -14, -13, 3982560159767, -20, -19, 3512794771341, 0]
[-8, 4519138906171, -13, 0, 3982560159747, -19, -12, 3512794771353]
[-8, -14, 4519138906172, 0, -20, 3982560159748, -12, 0]
[5132224676311, -14, -13, 4519138906185, -20, -19, 3982560159755, 0]
[-8, 5132224676305, -13, 0, 4519138906165, -19, -12, 3982560159767]
[-8, -14, 5132224676306, 0, -20, 4519138906166, -12, 0]
[5827453624889, -14, -13, 5132224676319, -20, -19, 4519138906173, 0]
[-8, 5827453624883, -13, 0, 5132224676299, -19, -12, 4519138906185]
[-8, -14, 5827453624884, 0, -20, 5132224676300, -12, 0]
[6610842074744, -14, -13, 5827453624897, -20, -19, 5132224676307, 0]
[-8, 6610842074738, -13, 0, 5827453624877, -19, -12, 5132224676319]
[-8, -14, 6610842074739, 0, -20, 5827453624878, -12, 0]
[7495354931112, -14, -13, 6610842074752, -20, -19, 5827453624885, 0]
[-8, 7495354931106, -13, 0, 6610842074732, -19, -12, 5827453624897]
[-8, -14, 7495354931107, 0, -20, 6610842074733, -12, 0]
[8501699065944, -14, -13, 7495354931120, -20, -19, 6610842074740, 0]
[-8, 8501699065938, -13, 0, 7495354931100, -19, -12, 6610842074752]
[-8, -14, 8501699065939, 0, -20, 7495354931101, -12, 0]
[9651363582496, -14, -13, 8501699065952, -20, -19, 7495354931108, 0]
[-8, 9651363582490, -13, 0, 8501699065932, -19, -12, 7495354931120]
[-8, -14, 9651363582491, 0, -20, 8501699065933, -12, 0]
[10959678301208, -14, -13, 9651363582504, -20, -19, 8501699065940, 0]
[-8, 10959678301202, -13, 0, 9651363582484, -19, -12, 8501699065952]
[-8, -14, 10959678301203, 0, -20, 9651363582485, -12, 0]
[12438295699641, -14, -13, 10959678301216, -20, -19, 9651363582492, 0]
[-8, 12438295699635, -13, 0, 10959678301196, -19, -12, 9651363582504]
[-8, -14, 12438295699636, 0, -20, 10959678301197, -12, 0]
[14106197005864, -14, -13, 12438295699649, -20, -19, 10959678301204, 0]
[-8, 14106197005858, -13, 0, 12438295699629, -19, -12, 10959678301216]
[-8, -14, 14106197005859, 0, -20, 12438295699630, -12, 0]
[15997053997064, -14, -13, 14106197005872, -20, -19, 12438295699637, 0]
[-8, 15997053997058, -13, 0, 14106197005852, -19, -12, 12438295699649]
[-8, -14, 15997053997059, 0, -20, 14106197005853, -12, 0]
[18153062648448, -14, -13, 15997053997072, -20, -19, 14106197005860, 0]
[-8, 18153062648442, -13, 0, 15997053997052, -19, -12, 14106197005872]
[-8, -14, 18153062648443, 0, -20, 15997053997053, -12, 0]
[20611041883712, -14, -13, 18153062648456, -20, -19, 15997053997060, 0]
[-8, 20611041883706, -13, 0, 18153062648436, -19, -12, 15997053997072]
[-8, -14, 20611041883707, 0, -20, 18153062648437, -12, 0]
[23397974000857, -14, -13, 20611041883720, -20, -19, 18153062648444, 0]
[-8, 23397974000851, -13, 0, 20611041883700, -19, -12, 18153062648456]
[-8, -14, 23397974000852, 0, -20, 20611041883701, -12, 0]
[26544492705513, -14, -13, 23397974000865, -20, -19, 20611041883708, 0]
[-8, 26544492705507, -13, 0, 23397974000845, -19, -12, 20611041883720]
[-8, -14, 26544492705508, 0, -20, 23397974000846, -12, 0]
[30103251002936, -14, -13, 26544492705521, -20, -19, 23397974000853, 0]
[-8, 30103251002930, -13, 0, 26544492705501, -19, -12, 23397974000865]
[-8, -14, 30103251002931, 0, -20, 26544492705502, -12, 0]
[34150116645520, -14, -13, 30103251002944, -20, -19, 26544492705509, 0]
[-8, 34150116645514, -13, 0, 30103251002924, -19, -12, 26544492705521]
[-8, -14, 34150116645515, 0, -20, 30103251002925, -12, 0]
[38764104532168, -14, -13, 34150116645528, -20, -19, 30103251002932, 0]
[-8, 38764104532162, -13, 0, 34150116645508, -19, -12, 30103251002944]
[-8, -14, 38764104532163, 0, -20, 34150116645509, -12, 0]
[44009015884577, -14, -13, 38764104532176, -20, -19, 34150116645516, 0]
[-8, 44009015884571, -13, 0, 38764104532156, -19, -12, 34150116645528]
[-8, -14, 44009015884572, 0, -20, 38764104532157, -12, 0]
[49942466706378, -14, -13, 44009015884585, -20, -19, 38764104532164, 0]
[-8, 49942466706372, -13, 0, 44009015884565, -19, -12, 38764104532176]
[-8, -14, 49942466706373, 0, -20, 44009015884566, -12, 0]
[56647743708457, -14, -13, 49942466706386, -20, -19, 44009015884573, 0]
[-8, 56647743708451, -13, 0, 49942466706366, -19, -12, 44009015884585]
[-8, -14, 56647743708452, 0, -20, 49942466706367, -12, 0]
[64253367648464, -14, -13, 56647743708465, -20, -19, 49942466706374, 0]
[-8, 64253367648458, -13, 0, 56647743708445, -19, -12, 49942466706386]
[-8, -14, 64253367648459, 0, -20, 56647743708446, -12, 0]
[72914221177696, -14, -13, 64253367648472, -20, -19, 56647743708453, 0]
[-8, 72914221177690, -13, 0, 64253367648452, -19, -12, 56647743708465]
[-8, -14, 72914221177691, 0, -20, 64253367648453, -12, 0]
[82773120416753, -14, -13, 72914221177704, -20, -19, 64253367648460, 0]
[-8, 82773120416747, -13, 0, 72914221177684, -19, -12, 64253367648472]
[-8, -14, 82773120416748, 0, -20, 72914221177685, -12, 0]
[93951482590963, -14, -13, 82773120416761, -20, -19, 72914221177692, 0]
[-8, 93951482590957, -13, 0, 82773120416741, -19, -12, 72914221177704]
[-8, -14, 93951482590958, 0, -20, 82773120416742, -12, 0]
[106590210414843, -14, -13, 93951482590971, -20, -19, 82773120416749, 0]
[-8, 106590210414837, -13, 0, 93951482590951, -19, -12, 82773120416761]
[-8, -14, 106590210414838, 0, -20, 93951482590952, -12, 0]
[120901111356929, -14, -13, 106590210414851, -20, -19, 93951482590959, 0]
[-8, 120901111356923, -13, 0, 106590210414831, -19, -12, 93951482590971]
[-8, -14, 120901111356924, 0, -20, 106590210414832, -12, 0]
[137167588826168, -14, -13, 120901111356937, -20, -19, 106590210414839, 0]
[-8, 137167588826162, -13, 0, 120901111356917, -19, -12, 106590210414851]
[-8, -14, 137167588826163, 0, -20, 120901111356918, -12, 0]
[155687341594457, -14, -13, 137167588826176, -20, -19, 120901111356925, 0]
[-8, 155687341594451, -13, 0, 137167588826156, -19, -12, 120901111356937]
[-8, -14, 155687341594452, 0, -20, 137167588826157, -12, 0]
[176724603007724, -14, -13, 155687341594465, -20, -19, 137167588826164, 0]
[-8, 176724603007718, -13, 0, 155687341594445, -19, -12, 137167588826176]
[-8, -14, 176724603007719, 0, -20, 155687341594446, -12, 0]
[200541693005814, -14, -13, 176724603007732, -20, -19, 155687341594453, 0]
[-8, 200541693005808, -13, 0, 176724603007712, -19, -12, 155687341594465]
[-8, -14, 200541693005809, 0, -20, 176724603007713, -12, 0]
[227491321771780, -14, -13, 200541693005822, -20, -19, 176724603007720, 0]
[-8, 227491321771774, -13, 0, 200541693005802, -19, -12, 176724603007732]
[-8, -14, 227491321771775, 0, -20, 200541693005803, -12, 0]
[258068700183105, -14, -13, 227491321771788, -20, -19, 200541693005810, 0]
[-8, 258068700183099, -13, 0, 227491321771768, -19, -12, 200541693005822]
[-8, -14, 258068700183100, 0, -20, 227491321771769, -12, 0]
[292854930420633, -14, -13, 258068700183113, -20, -19, 227491321771776, 0]
[-8, 292854930420627, -13, 0, 258068700183093, -19, -12, 227491321771788]
[-8, -14, 292854930420628, 0, -20, 258068700183094, -12, 0]
[332411944602189, -14, -13, 292854930420641, -20, -19, 258068700183101, 0]
[-8, 332411944602183, -13, 0, 292854930420621, -19, -12, 258068700183113]
[-8, -14, 332411944602184, 0, -20, 292854930420622, -12, 0]
[377266296013546, -14, -13, 332411944602197, -20, -19, 292854930420629, 0]
[-8, 377266296013540, -13, 0, 332411944602177, -19, -12, 292854930420641]
[-8, -14, 377266296013541, 0, -20, 332411944602178, -12, 0]
[428033014777602, -14, -13, 377266296013554, -20, -19, 332411944602185, 0]
[-8, 428033014777596, -13, 0, 377266296013534, -19, -12, 332411944602197]
[-8, -14, 428033014777597, 0, -20, 377266296013535, -12, 0]
[485560021954893, -14, -13, 428033014777610, -20, -19, 377266296013542, 0]
[-8, 485560021954887, -13, 0, 428033014777590, -19, -12, 377266296013554]
[-8, -14, 485560021954888, 0, -20, 428033014777591, -12, 0]
[550923630603746, -14, -13, 485560021954901, -20, -19, 428033014777598, 0]
[-8, 550923630603740, -13, 0, 485560021954881, -19, -12, 428033014777610]
[-8, -14, 550923630603741, 0, -20, 485560021954882, -12, 0]
[625266875022830, -14, -13, 550923630603754, -20, -19, 485560021954889, 0]
[-8, 625266875022824, -13, 0, 550923630603734, -19, -12, 485560021954901]
[-8, -14, 625266875022825, 0, -20, 550923630603735, -12, 0]
[709678240615743, -14, -13, 625266875022838, -20, -19, 550923630603742, 0]
[-8, 709678240615737, -13, 0, 625266875022818, -19, -12, 550923630603754]
[-8, -14, 709678240615738, 0, -20, 625266875022819, -12, 0]
[805299310791156, -14, -13, 709678240615751, -20, -19, 625266875022826, 0]
[-8, 805299310791150, -13, 0, 709678240615731, -19, -12, 625266875022838]
[-8, -14, 805299310791151, 0, -20, 709678240615732, -12, 0]
[913593036732503, -14, -13, 805299310791164, -20, -19, 709678240615739, 0]
[-8, 913593036732497, -13, 0, 805299310791144, -19, -12, 709678240615751]
[-8, -14, 913593036732498, 0, -20, 805299310791145, -12, 0]
[1036483652558647, -14, -13, 913593036732511, -20, -19, 805299310791152, 0]
[-8, 1036483652558641, -13, 0, 913593036732491, -19, -12, 805299310791164]
[-8, -14, 1036483652558642, 0, -20, 913593036732492, -12, 0]
[1176190505626584, -14, -13, 1036483652558655, -20, -19, 913593036732499, 0]
[-8, 1176190505626578, -13, 0, 1036483652558635, -19, -12, 913593036732511]
[-8, -14, 1176190505626579, 0, -20, 1036483652558636, -12, 0]
[1334945115638581, -14, -13, 1176190505626592, -20, -19, 1036483652558643, 0]
[-8, 1334945115638575, -13, 0, 1176190505626572, -19, -12, 1036483652558655]
[-8, -14, 1334945115638576, 0, -20, 1176190505626573, -12, 0]
[1514977551406907, -14, -13, 1334945115638589, -20, -19, 1176190505626580, 0]
[-8, 1514977551406901, -13, 0, 1334945115638569, -19, -12, 1176190505626592]
[-8, -14, 1514977551406902, 0, -20, 1334945115638570, -12, 0]
[1718892347523667, -14, -13, 1514977551406915, -20, -19, 1334945115638577, 0]
[-8, 1718892347523661, -13, 0, 1514977551406895, -19, -12, 1334945115638589]
[-8, -14, 1718892347523662, 0, -20, 1514977551406896, -12, 0]
[1950076689291158, -14, -13, 1718892347523675, -20, -19, 1514977551406903, 0]
[-8, 1950076689291152, -13, 0, 1718892347523655, -19, -12, 1514977551406915]
[-8, -14, 1950076689291153, 0, -20, 1718892347523656, -12, 0]
[2212674158185239, -14, -13, 1950076689291166, -20, -19, 1718892347523663, 0]
[-8, 2212674158185233, -13, 0, 1950076689291146, -19, -12, 1718892347523675]
[-8, -14, 2212674158185234, 0, -20, 1950076689291147, -12, 0]
[2511135621265173, -14, -13, 2212674158185247, -20, -19, 1950076689291154, 0]
[-8, 2511135621265167, -13, 0, 2212674158185227, -19, -12, 1950076689291166]
[-8, -14, 2511135621265168, 0, -20, 2212674158185228, -12, 0]
[2849922667045496, -14, -13, 2511135621265181, -20, -19, 2212674158185235, 0]
[-8, 2849922667045490, -13, 0, 2511135621265161, -19, -12, 2212674158185247]
[-8, -14, 2849922667045491, 0, -20, 2511135621265162, -12, 0]
[3233869898930582, -14, -13, 2849922667045504, -20, -19, 2511135621265169, 0]
[-8, 3233869898930576, -13, 0, 2849922667045484, -19, -12, 2511135621265181]
[-8, -14, 3233869898930577, 0, -20, 2849922667045485, -12, 0]
[3668969036814833, -14, -13, 3233869898930590, -20, -19, 2849922667045492, 0]
[-8, 3668969036814827, -13, 0, 3233869898930570, -19, -12, 2849922667045504]
[-8, -14, 3668969036814828, 0, -20, 3233869898930571, -12, 0]
[4162750847476405, -14, -13, 3668969036814841, -20, -19, 3233869898930578, 0]
[-8, 4162750847476399, -13, 0, 3668969036814821, -19, -12, 3233869898930590]
[-8, -14, 4162750847476400, 0, -20, 3668969036814822, -12, 0]
[4723809779450420, -14, -13, 4162750847476413, -20, -19, 3668969036814829, 0]
[-8, 4723809779450414, -13, 0, 4162750847476393, -19, -12, 3668969036814841]
[-8, -14, 4723809779450415, 0, -20, 4162750847476394, -12, 0]
[5361058288310677, -14, -13, 4723809779450428, -20, -19, 4162750847476401, 0]
[-8, 5361058288310671, -13, 0, 4723809779450408, -19, -12, 4162750847476413]
[-8, -14, 5361058288310672, 0, -20, 4723809779450409, -12, 0]
[6083792565976086, -14, -13, 5361058288310685, -20, -19, 4723809779450416, 0]
[-8, 6083792565976080, -13, 0, 5361058288310665, -19, -12, 4723809779450428]
[-8, -14, 6083792565976081, 0, -20, 5361058288310666, -12, 0]
[6902838935745423, -14, -13, 6083792565976094, -20, -19, 5361058288310673, 0]
[-8, 6902838935745417, -13, 0, 6083792565976074, -19, -12, 5361058288310685]
[-8, -14, 6902838935745418, 0, -20, 6083792565976075, -12, 0]
[7831719884291246, -14, -13, 6902838935745431, -20, -19, 6083792565976082, 0]
[-8, 7831719884291240, -13, 0, 6902838935745411, -19, -12, 6083792565976094]
[-8, -14, 7831719884291241, 0, -20, 6902838935745412, -12, 0]
[8886560626926833, -14, -13, 7831719884291254, -20, -19, 6902838935745419, 0]
[-8, 8886560626926827, -13, 0, 7831719884291234, -19, -12, 6902838935745431]
[-8, -14, 8886560626926828, 0, -20, 7831719884291235, -12, 0]
[10084868067761105, -14, -13, 8886560626926841, -20, -19, 7831719884291242, 0]
[-8, 10084868067761099, -13, 0, 8886560626926821, -19, -12, 7831719884291254]
[-8, -14, 10084868067761100, 0, -20, 8886560626926822, -12, 0]
[11444850854286771, -14, -13, 10084868067761113, -20, -19, 8886560626926829, 0]
[-8, 11444850854286765, -13, 0, 10084868067761093, -19, -12, 8886560626926841]
[-8, -14, 11444850854286766, 0, -20, 10084868067761094, -12, 0]
[12986631501721517, -14, -13, 11444850854286779, -20, -19, 10084868067761101, 0]
[-8, 12986631501721511, -13, 0, 11444850854286759, -19, -12, 10084868067761113]
[-8, -14, 12986631501721512, 0, -20, 11444850854286760, -12, 0]
[14734558820036677, -14, -13, 12986631501721525, -20, -19, 11444850854286767, 0]
[-8, 14734558820036671, -13, 0, 12986631501721505, -19, -12, 11444850854286779]
[-8, -14, 14734558820036672, 0, -20, 12986631501721506, -12, 0]
[16718280511218087, -14, -13, 14734558820036685, -20, -19, 12986631501721513, 0]
[-8, 16718280511218081, -13, 0, 14734558820036665, -19, -12, 12986631501721525]
[-8, -14, 16718280511218082, 0, -20, 14734558820036666, -12, 0]
[18971428694687946, -14, -13, 16718280511218095, -20, -19, 14734558820036673, 0]
[-8, 18971428694687940, -13, 0, 16718280511218075, -19, -12, 14734558820036685]
[-8, -14, 18971428694687941, 0, -20, 16718280511218076, -12, 0]
[21529718922047884, -14, -13, 18971428694687954, -20, -19, 16718280511218083, 0]
[-8, 21529718922047878, -13, 0, 18971428694687934, -19, -12, 16718280511218095]
[-8, -14, 21529718922047879, 0, -20, 18971428694687935, -12, 0]
[24431482356008296, -14, -13, 21529718922047892, -20, -19, 18971428694687942, 0]
[-8, 24431482356008290, -13, 0, 21529718922047872, -19, -12, 18971428694687954]
[-8, -14, 24431482356008291, 0, -20, 21529718922047873, -12, 0]
[27721190321758202, -14, -13, 24431482356008304, -20, -19, 21529718922047880, 0]
[-8, 27721190321758196, -13, 0, 24431482356008284, -19, -12, 21529718922047892]
[-8, -14, 27721190321758197, 0, -20, 24431482356008285, -12, 0]
[31452839331254772, -14, -13, 27721190321758210, -20, -19, 24431482356008292, 0]
[-8, 31452839331254766, -13, 0, 27721190321758190, -19, -12, 24431482356008304]
[-8, -14, 31452839331254767, 0, -20, 27721190321758191, -12, 0]
[35689709205906041, -14, -13, 31452839331254780, -20, -19, 27721190321758198, 0]
[-8, 35689709205906035, -13, 0, 31452839331254760, -19, -12, 27721190321758210]
[-8, -14, 35689709205906036, 0, -20, 31452839331254761, -12, 0]
[40501147616735838, -14, -13, 35689709205906049, -20, -19, 31452839331254768, 0]
[-8, 40501147616735832, -13, 0, 35689709205906029, -19, -12, 31452839331254780]
[-8, -14, 40501147616735833, 0, -20, 35689709205906030, -12, 0]
[45961201278056188, -14, -13, 40501147616735846, -20, -19, 35689709205906037, 0]
[-8, 45961201278056182, -13, 0, 40501147616735826, -19, -12, 35689709205906049]
[-8, -14, 45961201278056183, 0, -20, 40501147616735827, -12, 0]
[52152672677766506, -14, -13, 45961201278056196, -20, -19, 40501147616735834, 0]
[-8, 52152672677766500, -13, 0, 45961201278056176, -19, -12, 40501147616735846]
[-8, -14, 52152672677766501, 0, -20, 45961201278056177, -12, 0]
[59174029653012982, -14, -13, 52152672677766514, -20, -19, 45961201278056184, 0]
[-8, 59174029653012976, -13, 0, 52152672677766494, -19, -12, 45961201278056196]
[-8, -14, 59174029653012977, 0, -20, 52152672677766495, -12, 0]
[67142548537160821, -14, -13, 59174029653012990, -20, -19, 52152672677766502, 0]
[-8, 67142548537160815, -13, 0, 59174029653012970, -19, -12, 52152672677766514]
[-8, -14, 67142548537160816, 0, -20, 59174029653012971, -12, 0]
[76190856822641887, -14, -13, 67142548537160829, -20, -19, 59174029653012978, 0]
[-8, 76190856822641881, -13, 0, 67142548537160809, -19, -12, 59174029653012990]
[-8, -14, 76190856822641882, 0, -20, 67142548537160810, -12, 0]
[86462348894792034, -14, -13, 76190856822641895, -20, -19, 67142548537160817, 0]
[-8, 86462348894792028, -13, 0, 76190856822641875, -19, -12, 67142548537160829]
[-8, -14, 86462348894792029, 0, -20, 76190856822641876, -12, 0]
[98113873955822702, -14, -13, 86462348894792042, -20, -19, 76190856822641883, 0]
[-8, 98113873955822696, -13, 0, 86462348894792022, -19, -12, 76190856822641895]
[-8, -14, 98113873955822697, 0, -20, 86462348894792023, -12, 0]
[111326702330779496, -14, -13, 98113873955822710, -20, -19, 86462348894792030, 0]
[-8, 111326702330779490, -13, 0, 98113873955822690, -19, -12, 86462348894792042]
[-8, -14, 111326702330779491, 0, -20, 98113873955822691, -12, 0]
[126316578190173811, -14, -13, 111326702330779504, -20, -19, 98113873955822698, 0]
[-8, 126316578190173805, -13, 0, 111326702330779484, -19, -12, 98113873955822710]
[-8, -14, 126316578190173806, 0, -20, 111326702330779485, -12, 0]
[143333405359802716, -14, -13, 126316578190173819, -20, -19, 111326702330779492, 0]
[-8, 143333405359802710, -13, 0, 126316578190173799, -19, -12, 111326702330779504]
[-8, -14, 143333405359802711, 0, -20, 126316578190173800, -12, 0]
[162653205717433929, -14, -13, 143333405359802724, -20, -19, 126316578190173807, 0]
[-8, 162653205717433923, -13, 0, 143333405359802704, -19, -12, 126316578190173819]
[-8, -14, 162653205717433924, 0, -20, 143333405359802705, -12, 0]
[184576222850614744, -14, -13, 162653205717433937, -20, -19, 143333405359802712, 0]
[-8, 184576222850614738, -13, 0, 162653205717433917, -19, -12, 143333405359802724]
[-8, -14, 184576222850614739, 0, -20, 162653205717433918, -12, 0]
[209440576286602206, -14, -13, 184576222850614752, -20, -19, 162653205717433925, 0]
[-8, 209440576286602200, -13, 0, 184576222850614732, -19, -12, 162653205717433937]
[-8, -14, 209440576286602201, 0, -20, 184576222850614733, -12, 0]
[237643280520953315, -14, -13, 209440576286602214, -20, -19, 184576222850614740, 0]
[-8, 237643280520953309, -13, 0, 209440576286602194, -19, -12, 184576222850614752]
[-8, -14, 237643280520953310, 0, -20, 209440576286602195, -12, 0]
[269649983549976535, -14, -13, 237643280520953323, -20, -19, 209440576286602202, 0]
[-8, 269649983549976529, -13, 0, 237643280520953303, -19, -12, 209440576286602214]
[-8, -14, 269649983549976530, 0, -20, 237643280520953304, -12, 0]
[305986611077236653, -14, -13, 269649983549976543, -20, -19, 237643280520953311, 0]
[-8, 305986611077236647, -13, 0, 269649983549976523, -19, -12, 237643280520953323]
[-8, -14, 305986611077236648, 0, -20, 269649983549976524, -12, 0]
IMPOSSIBLE
