1
998 916 336
220729 389 772
263146 987 993
298931 250 660
185672 883 959
208115 981 998
244311 618 689
225518 955 958
76678 627 777
185163 827 833
85210 487 654
61140 615 705
290099 253 587
55455 241 718
222878 914 920
176248 511 969
134461 49 437
93810 857 903
215700 914 944
195790 996 998
253877 784 877
164458 95 612
271277 29 859
113997 963 997
86608 434 677
237490 414 779
189411 80 429
254098 82 846
191465 178 868
189143 32 212
81167 104 772
98046 86 522
46811 792 859
115084 670 775
244242 482 833
17813 781 883
172969 76 894
265769 46 895
233039 95 637
160287 949 985
12345 41 287
209030 118 492
171341 338 586
152265 895 929
189330 300 558
88866 28 301
251416 41 869
12355 121 413
116612 46 281
262848 437 550
121342 554 800
171617 719 784
58398 308 908
205831 687 745
28148 251 921
287260 907 980
75255 678 962
59679 611 887
130865 965 978
161776 961 981
229608 879 930
39801 535 659
37775 359 729
116414 765 918
222862 367 857
176806 330 376
120911 788 819
178217 453 554
263211 836 923
278428 701 922
189460 333 354
296699 939 997
70532 270 996
141846 368 700
147525 437 884
222304 107 419
256130 948 964
33843 140 372
294670 532 553
95687 426 819
194003 884 971
168789 690 777
213533 727 970
253190 529 543
123176 594 882
206241 433 526
251591 758 948
210837 395 966
229686 32 721
172163 716 918
286819 164 398
188464 299 833
150904 510 767
167945 246 763
135019 708 961
267863 327 819
184809 977 977
123685 445 696
6720 269 808
231663 199 456
228461 420 741
37742 758 968
149061 616 721
48897 619 890
228615 752 960
110398 865 907
266113 622 941
289688 680 760
292866 377 928
176307 115 575
11328 113 216
114758 315 838
170986 432 960
262351 486 630
209040 679 752
298749 16 376
132786 542 673
259642 648 794
60422 648 808
227544 137 264
31694 310 434
134110 307 668
119385 394 462
235730 347 368
55864 349 455
280040 963 997
147012 754 957
33387 701 899
87885 938 946
146347 112 345
232550 385 582
118536 924 935
212367 284 883
268990 766 874
94275 992 993
203761 161 844
181218 605 654
75739 263 829
68514 600 680
196692 361 396
168946 206 651
52320 730 822
10318 676 933
113087 964 966
13002 92 530
27856 233 342
283320 726 739
219335 852 947
60860 964 995
112273 591 662
111730 514 867
298693 352 511
20573 555 582
263566 539 973
63507 925 966
94646 752 848
298312 726 727
132212 601 874
52664 614 802
131641 662 782
287097 420 486
123255 808 946
188063 414 606
234963 650 979
174897 202 220
210412 758 786
285708 771 868
269580 768 830
60150 173 283
40367 282 844
272550 953 972
164657 293 621
63442 584 772
249820 877 998
237401 919 985
206930 129 332
84977 167 789
131287 914 956
70644 801 805
116291 348 462
68454 123 457
261959 807 844
204810 878 883
8445 233 881
128773 719 823
15669 409 439
139730 655 759
4924 384 469
246664 491 962
286703 630 963
286281 224 767
103137 489 697
233196 189 297
218793 31 969
106829 876 925
230736 965 966
99731 323 396
238553 134 642
24578 667 707
232689 811 867
262594 328 386
173560 724 804
235055 634 971
132049 157 756
250531 902 940
60070 891 957
204672 127 215
83391 441 604
106178 207 865
184453 328 601
62980 108 860
3505 444 647
291697 404 622
231963 507 680
83982 869 957
184863 700 948
71525 921 965
48530 610 768
219989 749 945
236741 783 856
95545 374 508
269113 57 765
186262 719 953
152132 89 650
180201 572 890
150210 475 568
28271 405 808
195167 551 746
98262 531 934
93220 645 919
121060 813 986
94880 222 889
272071 477 896
203897 804 936
224572 406 649
153970 810 983
1763 83 376
51487 729 798
24099 179 224
205927 981 985
160698 366 759
275161 969 995
33128 100 538
169746 252 931
89404 466 787
79437 341 487
159070 892 907
74091 222 371
134974 939 951
202469 263 640
212093 338 952
21968 759 808
22650 96 227
271664 150 344
189439 116 569
229953 12 883
60077 800 851
21857 20 640
117702 747 747
45089 333 334
133529 320 669
12205 848 867
272723 567 722
113337 819 829
88451 638 897
264527 530 861
139822 6 276
204439 683 779
201044 82 810
33861 926 993
278339 922 971
12937 301 731
199290 805 925
1427 567 947
64096 682 831
139588 91 238
157831 453 577
175805 455 500
31546 59 382
102146 123 953
245870 767 997
133678 42 817
121640 513 864
16061 166 428
134251 332 597
249846 997 998
135493 195 217
193432 228 240
242362 531 658
221926 219 328
11888 389 500
137109 410 813
85372 499 506
100372 675 923
170381 930 940
248125 471 572
83576 697 865
3580 665 702
270179 38 148
272189 161 867
188054 622 956
269146 310 575
213918 758 888
9957 407 421
70179 404 628
104019 207 815
236621 684 936
249065 906 952
126610 595 997
190155 513 609
234947 192 397
56579 898 956
95319 797 823
115662 676 684
188600 792 820
174765 142 470
167916 44 643
17642 987 994
196903 821 935
285321 668 880
11599 436 718
250545 119 489
36559 652 783
193115 468 517
159712 309 339
182426 330 651
103092 824 971
97323 825 857
210789 1 785
23454 567 832
184605 684 847
187622 322 508
68967 42 400
293437 267 807
16310 220 676
295739 155 760
190004 184 828
184121 781 968
286990 525 949
279649 791 931
152062 990 993
154968 522 666
127288 655 794
252686 986 994
93816 827 918
67716 517 895
120940 371 639
146335 200 387
260638 178 441
153548 641 730
82501 121 905
71444 309 862
288268 397 922
254019 43 333
158114 98 129
168563 580 839
2948 136 859
205566 335 502
7975 131 546
174851 799 900
197674 136 405
166392 493 940
10716 934 934
31376 928 930
252777 813 838
66767 126 953
92234 290 565
137900 963 980
143502 135 616
57702 446 734
147203 248 904
74090 438 733
61578 556 735
49827 170 758
295865 320 729
226435 686 833
243698 465 589
130352 380 646
287460 112 523
285203 205 259
11520 333 578
145213 495 580
92479 542 739
111738 453 514
139793 756 931
234331 13 733
269065 993 994
173566 142 428
186184 939 939
134496 905 969
218951 272 996
84453 94 491
25640 25 187
177095 239 555
228510 954 977
231486 686 895
272891 693 934
226766 811 944
190203 683 979
273399 653 663
292751 921 990
119033 598 916
272845 669 965
177094 711 805
207158 441 812
168716 105 598
166375 348 800
286018 362 784
57763 57 644
139251 881 962
156641 410 560
21033 689 932
57778 225 898
40924 626 801
120918 289 365
165018 150 182
84767 589 742
79129 893 953
20197 336 841
114234 642 971
206700 115 914
162112 707 714
98898 891 932
251506 75 936
135421 227 962
78381 711 763
258277 797 885
172269 581 946
78941 549 756
98108 779 917
14664 179 370
214908 376 692
55033 151 801
147314 713 923
235498 829 954
135956 385 560
100258 514 767
249204 92 640
167521 924 986
260652 807 960
208013 369 776
97772 549 824
224130 604 805
68130 511 894
227509 487 735
297001 961 971
297640 957 980
264821 955 974
8917 712 988
241437 462 694
73781 720 954
227082 600 669
193616 837 852
231071 415 467
269962 990 998
200457 744 747
183499 697 720
128040 50 919
220752 145 834
249951 646 838
249776 528 936
143417 314 575
100912 634 672
172732 441 931
62411 697 815
282961 832 981
234460 782 924
109556 246 685
42543 37 295
152505 364 509
219495 505 976
142752 20 591
215824 947 987
264219 690 898
202343 371 689
255484 790 830
292519 851 900
191940 335 504
275128 749 915
59241 974 982
283443 657 895
251207 71 115
7289 850 995
270955 873 919
70517 380 607
115484 121 284
220654 936 981
36298 6 264
249970 171 306
183611 882 986
86719 660 692
130259 42 347
129011 989 994
20067 695 695
109462 946 995
251637 319 913
30470 143 986
238871 236 277
220835 564 643
194054 273 729
154587 958 984
283133 660 814
72185 151 172
170302 41 200
131018 614 703
158080 191 356
123696 623 758
132089 709 815
98314 583 741
173325 279 547
222307 88 749
139416 161 661
59546 813 854
27096 886 914
226417 15 213
219358 625 643
281434 814 974
219863 491 608
285791 201 208
284085 332 648
127184 739 744
44035 861 947
151282 185 454
263305 154 648
184838 199 207
230620 77 915
1815 395 529
225417 222 733
138376 55 569
39907 992 998
67165 180 588
172619 82 171
73065 954 967
185663 729 862
288055 89 531
123559 283 713
240093 806 827
211675 603 933
259581 423 731
161369 211 809
148221 802 873
169061 508 897
169002 671 773
295905 665 966
82665 17 419
285263 539 771
65886 923 971
232452 531 555
270975 897 954
268848 468 481
193563 908 971
121163 650 995
240391 786 788
163842 356 443
213802 582 694
137473 96 525
259273 847 858
195778 354 443
26805 232 958
139863 506 808
196595 834 911
22197 313 965
8076 320 354
103234 13 544
258966 102 154
27424 161 575
198242 600 784
92761 794 869
46151 38 102
240781 627 812
50159 287 441
279514 178 362
136129 654 743
211115 313 868
187886 735 909
101156 743 809
13567 273 371
246893 552 703
20895 970 983
153628 240 279
54437 125 840
259592 68 970
134436 879 892
1483 200 658
95638 758 854
212694 609 831
206694 505 925
236380 363 754
288733 315 574
110424 259 395
97775 351 929
194816 682 803
238374 50 530
74030 679 748
294703 33 604
240523 862 915
239844 599 612
236799 298 338
57945 252 435
5974 80 612
252075 706 918
16757 755 961
284101 768 803
183390 836 852
202325 187 349
92768 572 601
217902 161 883
212066 502 723
126271 802 971
185840 567 908
175988 262 384
94823 830 911
151114 487 887
59677 592 840
2073 11 535
189237 907 933
32637 906 952
145986 741 765
167334 554 839
132569 966 980
267936 624 920
290555 904 944
244805 376 973
282370 551 814
60897 332 502
49964 533 795
80006 526 947
288871 329 547
61233 852 875
75196 335 382
247580 953 998
131614 52 906
236198 666 705
242931 128 252
47199 194 820
255684 261 505
246296 820 850
39170 556 774
156299 494 862
211386 625 810
97062 275 903
14874 344 748
277245 467 824
271395 945 949
30000 602 945
253745 869 920
37723 549 780
171913 81 988
276925 402 484
139331 600 673
40298 642 746
291032 508 791
294196 37 469
204269 341 425
274007 220 984
72223 436 577
114821 42 876
99761 81 412
73521 572 726
23796 432 827
240160 727 790
186615 246 512
285548 28 254
35535 27 253
108922 3 535
17032 480 709
49086 549 839
36108 154 354
202349 814 852
270739 317 955
12387 717 979
238892 246 738
141270 232 592
174858 263 854
253499 513 693
288466 702 769
249943 266 461
115812 26 194
7944 946 986
246408 67 898
176181 632 632
30171 206 448
296627 870 955
82681 617 848
191929 867 926
115245 557 807
17062 219 311
272502 54 872
176849 377 885
132284 385 775
119185 799 903
32852 384 434
105678 158 269
20368 868 977
72968 570 723
250379 403 810
116294 707 848
155091 24 79
193121 77 188
169879 40 353
110321 363 560
121778 272 736
101400 330 588
259896 253 279
244910 86 240
56768 98 545
226989 697 931
81939 469 954
173501 957 995
217588 45 842
150978 852 852
224049 388 401
279333 731 733
289768 14 350
111008 57 314
108765 854 946
2957 165 952
170683 664 787
50097 245 941
57352 22 363
291749 112 544
229774 595 757
195557 544 775
179462 611 782
275165 838 979
45192 539 860
177040 138 981
199089 151 777
117098 272 602
280980 468 519
245896 405 821
43843 687 821
150470 421 484
12703 52 745
179401 40 123
201854 943 945
267342 805 820
273213 802 982
285715 135 424
65990 987 992
261092 809 925
67075 228 832
30344 420 448
199204 56 170
256333 470 621
145421 46 697
73393 188 468
176035 451 842
120562 273 949
252439 169 307
97592 708 997
256756 471 775
3265 699 942
222630 655 961
291277 688 772
285675 12 276
160331 276 312
