100
15
644 36 948 -316 -546 384 666 818 418 -18 30 496 473 195 -611 
10
-289 -689 918 -346 665 600 60 249 -288 10 
8
-21 610 -446 717 126 472 -7 71 
4
-21 121 -107 -694 
15
503 183 -748 724 -415 -119 781 639 -315 -449 635 918 -175 -415 859 
14
518 597 365 177 -359 210 247 -882 115 -643 945 677 -867 589 
9
-850 -442 317 -325 614 -862 886 214 1000 
10
276 -917 782 -78 412 -618 779 -880 -569 -971 
7
210 -816 -676 -991 875 267 -170 
4
60 -661 -758 435 
4
-987 -914 -957 143 
11
-507 645 -784 891 -456 -251 -479 -371 -810 -271 169 
3
-990 -628 319 
13
-723 413 -375 7 806 -772 758 -381 -708 858 136 989 935 
15
-674 446 -469 -15 31 415 -778 497 -670 242 166 921 -570 -82 -52 
11
-179 644 -928 -871 -57 773 -823 -682 -811 599 -852 
6
-174 -585 968 377 -821 875 
3
-665 -286 206 
5
-510 757 -271 590 523 
11
-534 -619 -935 641 889 -863 865 849 489 -87 -385 
8
980 -329 -696 -696 -386 -251 -682 326 
14
-610 833 -686 -546 371 634 984 403 673 281 539 517 -699 -828 
4
-808 -770 -247 396 
7
877 -53 860 745 -167 -802 182 
14
250 -385 -414 664 -308 -538 607 34 593 563 -764 12 440 -22 
12
-752 716 234 -309 853 664 -161 100 714 902 916 -594 
4
-424 588 -478 234 
11
-189 -576 -963 -548 -903 866 514 11 621 646 198 
15
-549 596 180 14 -39 -899 151 -395 -974 -64 -134 471 -991 632 -792 
13
613 -885 -151 98 427 -53 -94 -218 -994 -113 -631 -37 -600 
15
664 225 942 142 -348 466 578 -848 36 8 959 658 -767 290 627 
8
-66 734 761 -858 -602 -838 -10 -144 
3
-341 -865 -535 
13
402 687 53 920 786 -82 867 -292 -638 417 -627 -205 -628 
7
-851 -653 -220 706 -529 -668 646 
2
564 310 
4
966 -597 503 -55 
3
-878 136 930 
13
-315 -126 -52 514 111 -107 -904 -153 -39 -131 -193 -705 -986 
4
-370 425 515 -449 
5
-365 -336 -1 -783 629 
4
-686 392 -928 117 
12
-312 -650 376 -135 900 -306 -634 517 334 717 516 -390 
10
366 899 -619 -211 186 -149 829 -511 -76 -569 
15
-16 116 190 -522 616 -433 -808 868 559 273 -919 40 -887 -572 217 
4
-118 -67 974 50 
5
963 -250 403 -998 -519 
6
190 601 -276 312 -384 761 
5
915 -674 373 -679 -768 
5
-36 -324 963 102 -74 
15
998 807 653 826 795 126 -466 -258 421 343 -905 708 994 -119 -152 
15
104 241 -841 873 382 150 186 -867 -504 725 472 -727 -945 -453 -23 
4
226 122 -881 -944 
12
393 588 -51 -416 198 281 549 -883 -679 620 -361 984 
10
930 174 -82 -194 -585 835 -337 497 -222 516 
6
-632 651 -875 -568 246 266 
8
144 -316 242 916 353 -210 473 375 
12
924 191 951 -369 270 930 -530 -437 343 981 970 222 
6
825 -865 629 -198 300 -849 
4
-135 -556 -388 -223 
4
-301 -152 480 802 
6
5 811 366 663 -968 832 
3
-643 -357 778 
2
-980 13 
9
387 -394 -440 -945 -834 -828 325 53 -210 
4
-288 -595 -98 674 
7
-505 -114 700 -744 -536 34 10 
8
-399 -9 47 -676 760 -742 868 -307 
12
267 -675 -565 -73 928 -13 780 -707 134 -601 624 997 
15
824 99 12 -26 -452 -16 229 680 991 255 -873 -539 -102 575 759 
14
762 278 736 792 74 133 905 731 337 -973 -472 -174 -210 -878 
9
664 -917 -726 568 150 238 221 657 738 
3
1000 -258 -796 
10
556 408 -308 690 359 -106 -478 593 166 -574 
10
-873 -522 588 453 -824 516 498 -594 804 566 
6
-437 345 654 -157 -258 -258 
7
284 1000 503 -820 -342 -653 658 
5
213 -372 -908 675 845 
13
-7 -76 -260 867 -804 868 986 405 612 318 634 -568 730 
15
-678 425 221 -374 576 -906 -301 985 -806 70 -452 806 -511 401 -681 
7
626 83 -652 -140 333 478 -246 
15
689 531 27 -390 -540 -363 171 224 -250 67 -843 687 805 214 190 
8
558 -982 -617 747 247 199 -794 -5 
6
466 542 -118 -498 -578 -522 
10
647 239 -544 -255 -518 633 530 456 85 616 
5
-912 498 -43 -272 90 
13
-56 982 -822 429 607 -346 -888 -486 725 496 -983 -807 591 
6
-653 804 481 -364 -560 -558 
2
802 -843 
14
-450 -909 321 442 175 35 914 652 106 -27 482 453 -935 -718 
9
614 34 -66 319 18 595 548 -837 -847 
6
-414 493 664 19 372 -293 
13
54 -430 -989 654 872 -757 -113 -580 -740 -258 18 812 223 
6
743 425 328 154 420 257 
10
-914 -597 -897 234 -149 -619 -264 -200 -878 -952 
13
291 204 239 615 -367 141 745 395 452 -68 950 608 -741 
14
924 -266 32 491 899 -290 696 -899 -804 -736 995 -110 -461 201 
15
661 350 154 123 997 -665 -526 556 346 -103 450 574 465 136 672 
6
218 773 -544 -827 929 79 
2
567 -435 
