591
471
557
525
585
489
577
461
571
547
587
559
579
588
595
560
591
586
588
587
580
521
589
485
593
586
551
589
587
543
521
583
585
589
589
565
577
485
485
551
578
574
491
557
580
523
559
580
587
553
582
582
586
573
561
591
565
501
578
579
477
459
595
575
588
553
449
487
559
519
504
527
593
579
459
513
515
529
584
479
589
521
587
582
589
499
570
584
564
491
584
437
580
575
485
562
504
495
562
506
558
589
465
562
581
595
543
575
495
587
570
561
573
517
580
585
579
485
495
451
591
747
665
697
759
789
951
529
741
655
813
731
953
962
801
729
959
733
875
813
964
661
697
737
876
862
763
697
874
683
797
789
971
963
815
791
807
737
761
763
850
850
791
729
960
611
731
964
877
725
854
854
873
803
733
991
791
753
871
647
585
631
765
805
688
661
557
787
731
550
813
615
763
749
671
653
655
701
964
691
963
797
955
729
876
607
739
871
648
791
968
525
727
957
625
731
813
667
731
815
727
815
717
731
955
765
683
805
667
813
842
733
803
657
964
815
961
761
583
591
471
747
623
782
585
1096
719
462
571
613
721
775
721
862
643
708
793
636
722
721
798
684
655
986
684
670
882
655
674
706
1082
631
841
731
723
866
801
986
1096
882
658
658
1097
773
790
558
775
798
674
769
662
662
720
797
777
747
866
977
890
539
584
774
595
799
552
619
589
1095
775
458
1096
562
593
579
878
676
678
786
794
876
731
1082
789
632
676
606
718
718
504
1097
802
510
630
725
686
710
1096
785
710
1096
706
723
985
710
723
595
706
799
785
721
650
777
797
680
798
809
729
1096
530
680
557
665
623
677
585
641
637
541
571
733
721
711
639
714
643
737
711
676
672
721
674
673
741
637
634
620
703
741
624
695
673
631
697
649
723
717
739
637
637
703
608
608
643
709
666
639
711
674
624
705
612
612
670
741
713
665
717
653
739
625
629
611
595
743
592
739
601
639
711
539
656
643
593
579
611
665
667
681
670
631
649
673
707
672
626
651
747
668
544
643
678
553
670
643
637
739
656
647
739
658
735
723
617
736
641
595
695
737
647
721
600
713
741
669
674
747
647
637
631
603
525
697
782
677
597
797
669
531
583
667
733
829
671
780
655
738
743
666
694
733
716
744
709
799
656
642
866
709
646
766
832
643
749
681
735
835
813
799
796
866
630
630
799
827
708
618
829
716
646
823
634
634
692
809
831
697
835
815
826
593
653
785
607
811
582
673
635
795
829
518
807
622
605
591
779
736
738
865
712
799
681
832
739
662
648
675
748
690
534
799
720
565
660
675
749
740
807
821
740
809
736
735
779
740
673
607
766
811
821
733
622
831
809
740
716
821
679
796
590
707
585
759
585
585
597
609
741
469
735
575
733
631
743
742
741
639
741
663
736
733
744
571
617
593
757
750
641
617
759
593
635
729
749
753
735
669
707
593
599
641
742
738
611
629
744
541
631
744
759
625
746
746
734
703
633
759
669
609
720
587
505
531
759
705
655
581
477
607
631
517
627
545
757
743
549
563
565
601
748
569
753
635
737
659
760
527
649
732
646
611
748
455
657
739
535
641
627
567
641
629
637
735
573
641
745
759
593
705
567
733
734
633
703
567
744
715
743
599
513
501
489
789
1096
641
797
609
761
477
595
631
745
793
763
904
667
726
835
654
746
745
840
699
673
993
708
694
897
673
698
721
1092
655
905
773
747
884
825
993
1100
897
682
682
1213
791
832
573
793
840
698
787
686
686
744
821
795
789
884
987
914
557
599
781
619
823
570
637
599
1209
793
473
1210
577
617
603
882
691
693
801
836
883
773
1092
831
650
700
621
736
742
522
1213
844
520
648
767
696
728
1210
795
728
1214
724
747
989
728
765
619
721
823
795
745
674
795
821
695
840
833
771
1100
545
687
577
951
719
637
669
741
761
501
741
627
785
703
965
934
773
701
931
705
847
785
936
633
669
709
855
841
735
669
845
655
769
761
967
961
787
763
779
709
733
735
849
829
763
701
967
583
703
936
845
697
853
853
845
775
705
951
763
725
843
619
557
603
751
777
667
633
529
759
703
529
785
587
749
735
643
625
627
673
965
663
961
769
927
701
847
579
711
843
639
763
940
497
699
929
597
703
785
639
703
787
699
787
689
703
967
751
655
777
639
785
851
705
775
629
936
787
933
733
555
563
461
529
462
541
531
469
477
501
455
531
537
537
503
528
527
535
527
536
522
537
514
531
545
479
508
494
534
545
498
542
512
515
521
513
539
534
537
479
476
534
482
482
479
535
510
544
537
514
498
531
486
486
520
539
539
529
534
495
537
529
519
465
479
541
486
537
491
475
537
494
487
546
477
463
459
523
525
535
514
479
513
512
523
532
500
541
540
518
438
479
518
501
530
507
509
537
487
501
537
489
533
539
459
534
505
479
542
535
501
537
474
539
539
527
514
541
511
476
530
475
571
741
571
571
583
735
595
741
455
561
719
617
743
728
727
625
727
649
722
719
730
557
603
579
743
736
627
603
737
579
621
715
741
745
721
655
693
579
585
627
744
724
597
615
740
527
617
730
737
611
746
746
720
689
619
741
655
595
706
573
491
517
745
691
641
567
463
593
617
503
613
531
743
729
535
549
551
587
743
555
745
621
723
645
739
513
635
718
639
597
734
441
643
725
521
627
613
553
627
615
623
721
559
627
745
745
579
691
553
719
740
619
689
553
730
701
729
585
499
487
547
655
613
733
667
575
631
627
531
561
711
701
629
704
633
737
701
666
662
711
664
663
731
627
624
610
693
731
614
685
663
621
687
639
713
707
729
627
627
693
598
598
633
699
656
629
701
664
614
695
602
602
660
737
703
655
707
643
729
615
619
601
585
737
582
729
591
629
701
529
646
633
583
569
601
655
657
671
660
621
639
663
697
662
616
641
732
658
534
633
668
543
660
633
627
738
646
637
738
648
736
713
607
726
631
585
685
727
637
711
590
703
737
659
664
733
637
627
626
593
587
813
721
721
733
733
745
785
537
719
711
767
787
862
791
775
859
778
820
895
822
707
753
729
782
768
777
753
772
729
771
779
845
797
889
805
843
729
735
777
756
756
747
765
814
643
767
822
772
761
760
760
818
839
769
813
805
745
856
663
641
667
743
841
681
717
613
743
767
556
763
647
741
727
685
699
701
737
818
705
797
771
855
774
774
663
785
816
633
747
826
557
777
791
671
777
763
703
777
765
773
889
709
777
789
743
729
841
703
895
748
769
839
703
822
851
795
735
615
637
559
731
775
711
829
631
793
703
537
617
701
767
705
814
689
772
777
700
728
767
750
782
743
789
690
676
855
743
680
786
825
677
783
715
769
888
847
789
789
855
664
664
795
889
742
638
899
750
680
885
668
668
726
843
893
731
888
805
860
627
667
763
641
845
616
707
631
791
899
538
808
642
639
625
763
774
781
833
746
783
715
825
773
696
682
681
782
724
568
795
754
570
694
709
728
774
808
799
774
810
770
769
769
774
707
641
786
845
799
767
656
893
843
778
750
855
713
789
610
694
579
953
721
639
671
743
763
965
503
743
629
787
705
936
775
703
933
707
849
787
938
635
671
711
857
843
737
671
847
657
771
763
965
963
789
765
781
711
735
737
851
831
765
703
964
585
705
938
847
699
855
855
847
777
707
953
765
727
845
621
559
605
753
779
669
635
531
761
705
531
787
589
751
737
645
627
629
675
970
665
963
771
929
703
849
581
713
845
641
765
942
499
701
931
599
705
787
641
705
789
701
789
691
705
969
753
657
779
641
787
852
707
777
631
938
789
935
735
557
565
588
962
862
714
780
742
904
934
528
728
704
862
814
936
810
812
1034
758
920
862
1050
744
746
830
862
848
856
746
852
766
912
803
1073
946
864
884
890
830
876
856
836
836
906
812
1042
636
814
1050
852
808
840
840
918
886
816
962
884
846
964
646
634
714
752
888
694
710
606
902
814
550
946
640
750
736
764
736
738
784
1046
784
946
912
1038
754
854
656
822
920
640
906
1054
550
752
940
708
814
946
750
814
948
810
864
810
814
938
752
766
888
750
862
828
816
886
740
1050
898
944
876
608
674
595
801
643
643
655
741
667
773
527
727
633
791
689
775
810
697
813
721
810
791
786
629
675
651
780
766
699
675
770
651
693
805
793
785
793
727
765
651
657
699
754
754
669
687
782
599
689
786
770
683
758
758
808
761
691
801
727
667
778
645
563
589
751
763
699
639
535
665
689
551
685
603
749
735
607
621
623
659
786
627
785
693
809
717
772
585
707
806
641
669
790
513
715
779
593
699
685
625
699
687
695
793
631
699
777
751
651
763
625
791
746
691
761
625
786
773
783
657
571
559
560
729
708
737
738
639
726
701
535
625
737
775
772
703
812
697
775
730
736
775
748
734
744
716
698
684
782
744
688
756
758
685
771
713
777
810
841
716
722
782
672
672
728
770
740
642
772
748
688
766
676
676
734
851
774
729
810
732
842
628
632
672
649
855
646
733
604
724
772
542
744
646
647
633
690
726
728
742
744
710
713
758
771
726
690
654
846
732
598
728
752
556
724
707
698
854
744
708
854
746
850
777
696
838
705
649
756
839
708
775
664
774
851
730
748
847
711
722
630
664
591
959
793
711
743
741
835
931
527
727
701
859
777
933
1034
813
775
755
922
859
968
707
743
783
859
845
809
743
849
729
843
805
991
943
861
837
853
783
807
809
833
833
837
775
960
633
777
968
849
771
837
837
923
849
779
959
837
799
917
645
631
677
751
851
696
707
603
833
777
549
859
637
749
735
717
699
701
747
964
737
943
843
1033
751
851
653
785
918
639
837
972
547
749
937
671
777
859
713
777
861
773
861
763
777
935
751
729
851
713
859
825
779
849
703
968
861
941
807
605
637
586
733
636
676
666
663
654
705
536
649
666
778
700
707
758
721
730
755
750
778
742
662
708
644
712
698
710
708
702
684
686
709
745
717
779
738
747
644
650
710
686
686
656
698
734
642
700
742
702
694
690
690
748
743
702
733
738
660
760
664
596
600
673
745
680
672
568
652
700
560
672
646
671
657
618
654
656
670
738
638
717
686
751
778
704
618
740
746
632
656
746
556
776
711
626
732
672
636
732
674
728
779
624
732
709
673
684
745
636
778
678
702
743
658
742
755
715
650
614
592
588
875
722
672
694
736
746
847
522
722
662
820
728
849
920
810
736
922
750
820
884
668
704
712
854
840
760
704
844
690
772
806
887
859
822
788
804
712
736
760
828
828
748
726
876
628
728
884
844
722
832
832
922
800
730
875
788
728
868
640
592
628
746
802
698
668
564
744
728
546
770
632
744
730
668
660
662
698
880
688
859
772
919
746
846
614
746
920
636
748
888
542
744
853
632
738
770
664
738
772
734
822
692
738
851
746
690
802
664
820
820
730
800
664
884
812
857
736
600
598
587
813
721
721
733
733
745
785
537
719
711
895
767
787
862
791
775
859
778
820
822
707
753
729
782
768
777
753
772
729
771
779
845
797
889
805
843
729
735
777
756
756
747
765
814
643
767
822
772
761
760
760
818
839
769
813
805
745
856
663
641
667
743
841
681
717
613
743
767
556
763
647
741
727
685
699
701
737
818
705
797
771
855
774
774
663
785
816
633
747
826
557
777
791
671
777
763
703
777
765
773
889
709
777
789
743
729
841
703
895
748
769
839
703
822
851
795
735
615
637
580
964
798
674
716
744
840
936
514
730
664
822
750
938
1050
786
748
968
742
884
822
680
706
766
864
864
792
706
854
702
848
774
1055
948
824
820
826
766
812
792
838
860
842
748
1044
620
750
1092
854
744
842
842
882
822
752
964
820
782
900
632
594
650
754
824
676
670
566
838
750
538
882
624
752
749
700
672
674
720
1048
720
948
848
964
738
856
616
758
880
642
842
1088
534
736
974
644
750
882
686
750
884
746
824
746
750
940
754
702
824
686
822
830
752
822
676
1092
834
973
812
592
610
521
661
684
673
744
571
699
633
531
557
663
707
782
635
744
629
734
707
662
668
707
680
705
698
630
616
770
705
620
780
734
617
703
645
709
780
751
698
698
770
604
604
701
781
672
632
782
680
620
777
608
608
666
747
783
661
780
714
764
589
668
678
581
749
578
669
625
697
782
532
714
636
579
565
678
778
780
748
676
698
645
734
703
658
622
675
744
664
530
701
684
574
656
639
722
736
714
714
736
716
732
709
678
736
637
581
780
749
714
707
596
783
747
782
680
759
643
698
604
688
589
697
655
741
709
617
673
669
545
603
731
753
743
671
746
675
744
743
708
704
753
706
705
669
666
652
735
779
656
727
705
663
729
681
755
749
761
669
669
735
640
640
675
741
698
661
743
706
656
737
644
644
702
757
745
697
749
685
762
657
661
643
627
759
624
737
633
671
743
557
688
661
625
611
643
697
699
713
702
663
681
705
739
704
658
683
754
700
576
675
710
571
702
675
669
746
688
679
746
690
742
755
649
746
673
627
727
759
679
753
632
745
757
701
706
769
679
669
629
635
485
737
986
637
799
593
993
709
479
579
627
729
789
711
830
651
716
783
644
712
729
766
698
669
674
660
896
669
664
720
1001
639
809
721
731
874
809
1011
1000
896
648
648
995
787
758
572
789
766
664
783
652
652
710
805
791
737
874
999
880
553
601
799
603
807
560
633
611
991
789
472
997
576
601
587
893
690
692
803
762
898
721
1001
779
640
666
623
726
708
512
995
770
527
638
715
703
718
997
807
718
999
714
731
991
718
713
603
720
807
807
729
640
791
805
694
766
817
719
1000
544
702
593
876
684
634
656
757
708
855
508
743
624
782
690
857
862
780
698
859
712
854
782
864
630
666
674
868
722
666
872
652
734
768
869
867
784
750
766
674
698
722
856
856
710
688
864
590
690
864
872
684
860
860
852
762
692
876
750
690
830
626
554
590
767
764
694
630
526
706
690
556
732
594
768
751
630
622
624
660
868
650
867
734
855
708
874
576
708
850
650
710
868
504
706
857
594
700
732
626
700
734
696
784
654
700
859
767
652
764
626
782
848
692
762
626
864
774
861
698
562
560
586
862
670
620
642
750
694
841
494
736
610
768
676
843
848
766
684
845
698
840
768
864
616
652
660
868
708
652
858
638
720
754
855
853
770
736
752
660
684
708
842
860
696
674
850
576
676
864
858
670
846
846
838
748
678
862
736
676
816
612
540
576
760
750
680
616
512
692
676
542
718
580
758
754
616
608
610
646
854
636
853
720
841
694
860
562
694
836
650
696
868
490
692
859
580
686
718
612
686
720
682
770
640
686
845
760
638
750
612
768
834
678
748
612
864
760
863
684
548
546
551
763
882
703
866
641
897
735
534
627
693
777
855
737
856
699
782
809
710
760
777
792
770
735
896
722
708
735
712
792
932
687
825
747
779
940
857
896
896
984
696
696
899
853
784
644
855
792
712
849
700
700
758
853
857
763
940
912
928
619
656
788
651
855
626
699
636
895
855
544
912
648
649
635
876
762
764
866
788
896
747
932
805
706
714
678
792
756
578
899
796
568
704
741
750
784
912
824
784
914
780
779
876
784
739
651
792
855
824
777
688
857
853
766
792
865
745
896
616
710
589
697
655
741
709
617
673
669
545
603
731
753
743
671
746
675
744
743
708
704
753
706
705
779
669
666
652
735
656
727
705
663
729
681
755
749
761
669
669
735
640
640
675
741
698
661
743
706
656
737
644
644
702
757
745
697
749
685
762
657
661
643
627
759
624
737
633
671
743
557
688
661
625
611
643
697
699
713
702
663
681
705
739
704
658
683
754
700
576
675
710
571
702
675
669
746
688
679
746
690
742
755
649
746
673
627
727
759
679
753
632
745
757
701
706
769
679
669
629
635
587
874
674
624
646
759
698
845
498
737
614
772
680
847
852
770
688
849
702
844
772
854
620
656
664
872
858
712
656
642
724
758
859
857
774
740
756
664
688
712
846
846
700
678
854
580
680
854
874
674
850
850
842
752
682
877
740
680
820
616
544
580
761
754
684
620
516
696
680
546
722
584
759
745
620
612
614
650
858
640
857
724
845
698
876
566
698
840
648
700
858
494
696
847
584
690
722
616
690
724
686
774
644
690
849
761
642
754
616
772
838
682
752
616
854
764
851
688
552
550
543
683
706
695
766
593
721
655
542
579
685
729
786
657
766
651
756
729
684
690
729
702
780
727
720
652
638
792
727
642
756
639
725
667
731
792
773
720
720
792
626
626
723
784
694
654
786
702
642
780
630
630
688
769
788
683
792
736
786
611
664
700
603
771
600
691
636
719
786
554
736
658
601
587
700
772
774
770
698
720
667
756
725
680
644
690
766
686
552
723
706
574
678
661
744
758
736
736
758
738
754
731
700
758
659
603
808
771
736
729
618
788
769
776
702
781
665
720
626
710
521
797
1082
673
832
635
1092
769
512
621
663
771
825
771
912
693
758
843
686
772
771
848
734
705
1001
734
720
932
705
724
756
681
891
781
773
916
851
1001
1096
932
708
708
1094
823
840
608
825
848
724
819
712
712
770
847
827
797
916
1028
940
589
634
796
645
849
602
669
629
1090
825
508
1102
612
643
629
886
726
728
836
844
912
781
1146
839
682
726
656
768
768
554
1094
852
560
680
775
736
760
1102
825
760
1104
756
773
981
760
773
645
756
849
825
771
700
827
847
730
848
859
779
1096
580
710
583
789
631
631
643
729
655
761
515
715
621
779
677
763
803
805
685
805
709
806
779
774
617
663
639
768
754
687
663
758
639
681
781
773
781
715
753
639
645
687
742
742
657
675
770
587
677
774
758
671
746
746
805
749
679
789
715
655
766
633
551
577
739
751
693
627
523
653
677
539
673
591
737
723
595
609
611
647
774
615
773
681
803
705
760
573
695
804
629
657
778
501
703
767
581
687
673
613
687
675
683
781
619
687
765
739
639
751
613
779
734
679
749
613
774
761
771
645
559
547
585
971
841
697
749
749
905
967
521
741
687
845
783
965
1073
793
771
991
745
887
845
1055
703
729
809
869
855
825
729
859
725
891
781
969
847
853
859
809
855
825
853
843
907
781
1085
623
783
1055
859
777
857
857
885
855
785
971
853
825
933
639
617
683
759
857
681
693
589
903
783
543
947
627
757
743
733
695
697
753
1081
753
969
891
987
741
861
639
781
883
643
907
1059
537
739
949
667
773
947
719
773
949
769
847
789
773
967
759
725
857
719
845
850
785
855
699
1055
867
953
855
595
633
589
963
731
649
681
753
773
961
513
745
639
797
715
963
946
785
713
943
717
859
797
948
645
681
721
867
853
747
681
857
667
781
773
969
799
775
791
721
745
747
861
841
775
713
964
595
715
948
857
709
861
861
857
787
717
963
775
737
855
631
569
615
763
789
679
645
541
771
715
541
797
599
761
747
655
637
639
685
968
675
979
781
939
713
859
591
723
855
647
775
952
509
711
941
609
715
797
651
715
799
711
799
701
715
965
763
667
789
651
797
849
717
787
641
948
799
945
745
567
575
589
815
723
723
735
735
747
787
539
721
713
889
769
789
864
793
777
861
779
822
889
824
709
755
731
784
770
779
755
774
731
773
781
847
799
807
845
731
737
779
758
758
749
767
816
645
769
824
774
763
762
762
820
841
771
815
807
747
858
663
643
669
745
843
683
719
615
745
769
557
765
649
743
729
687
701
703
739
820
707
799
773
857
779
776
665
787
818
635
749
828
559
773
793
673
779
765
705
779
767
775
897
711
779
791
745
731
843
705
889
750
771
841
705
824
853
797
737
617
639
565
791
866
717
835
669
884
763
534
655
707
805
888
765
884
727
810
837
738
788
805
820
780
749
874
750
736
940
749
740
792
916
715
853
775
807
885
874
880
940
724
724
886
894
812
644
888
820
740
894
728
728
786
881
890
791
1012
890
956
633
664
769
679
883
654
713
628
882
888
544
902
648
677
663
848
778
774
839
816
868
775
916
833
734
742
678
820
784
606
886
824
568
732
769
734
812
902
805
812
904
808
807
854
812
767
679
792
883
805
805
716
890
881
776
820
893
773
880
616
700
577
807
801
739
813
707
825
779
537
693
729
843
847
781
890
765
841
853
747
804
843
826
751
761
809
766
752
857
761
756
773
851
753
859
791
845
885
809
815
857
740
740
827
845
818
647
847
826
756
841
744
744
802
953
849
807
885
825
973
645
649
747
717
955
663
743
621
823
847
547
843
651
715
701
765
743
745
817
822
785
791
851
849
743
758
671
851
800
615
827
830
561
741
785
715
843
843
783
843
845
839
845
789
857
783
717
773
973
783
843
732
849
953
747
826
965
789
815
628
681
485
737
986
637
799
593
993
709
479
579
627
729
789
711
830
651
716
783
644
712
729
766
698
669
1011
674
660
896
669
664
720
1001
639
809
721
731
874
809
1000
896
648
648
995
787
758
572
789
766
664
783
652
652
710
805
791
737
874
999
880
553
601
799
603
807
560
633
611
991
789
472
997
576
601
587
893
690
692
803
762
898
721
1001
779
640
666
623
726
708
512
995
770
527
638
715
703
718
997
807
718
999
714
731
991
718
713
603
720
807
807
729
640
791
805
694
766
817
719
1000
544
702
485
761
1096
637
796
599
1100
733
476
585
627
735
789
735
876
657
722
807
650
736
735
812
698
669
1000
698
684
896
669
688
720
1096
645
855
745
737
880
815
1000
896
672
672
1102
787
804
572
789
812
688
783
676
676
734
811
791
761
880
991
904
553
598
788
609
813
566
633
603
1098
789
472
1104
576
607
593
892
690
692
800
808
890
745
1096
803
646
690
620
732
732
518
1102
816
524
644
739
700
724
1104
799
724
1106
720
737
992
724
737
609
720
813
799
735
664
791
811
694
812
823
743
1110
544
694
551
763
882
703
866
641
897
735
534
627
693
777
855
737
856
699
782
809
710
760
777
792
770
735
896
722
708
984
735
712
792
932
687
825
747
779
940
857
896
896
696
696
899
853
784
644
855
792
712
849
700
700
758
853
857
763
940
912
928
619
656
788
651
855
626
699
636
895
855
544
912
648
649
635
876
762
764
866
788
896
747
932
805
706
714
678
792
756
578
899
796
568
704
741
750
784
912
824
784
914
780
779
876
784
739
651
792
855
824
777
688
857
853
766
792
865
745
896
616
710
578
850
658
608
630
742
682
849
482
744
598
756
664
851
836
754
672
833
686
828
756
838
604
640
648
856
842
696
640
846
626
708
742
853
861
758
724
740
648
672
696
830
684
662
852
564
664
838
846
658
860
860
826
736
666
850
724
664
804
600
528
564
752
738
668
604
500
680
664
530
706
568
750
736
604
596
598
634
856
624
861
708
829
682
848
550
682
824
646
684
842
478
680
831
568
674
706
600
674
708
670
758
628
674
853
752
626
738
600
756
848
666
736
600
838
748
835
672
536
534
574
850
658
608
630
738
682
829
482
724
598
756
664
831
836
754
672
833
686
828
756
860
604
640
648
856
860
696
640
846
626
708
742
843
841
758
724
740
648
672
696
830
684
662
838
564
664
860
846
658
834
834
826
736
666
850
724
664
804
600
528
564
748
738
668
604
500
680
664
530
706
568
746
748
604
596
598
634
842
624
841
708
829
682
848
550
682
824
638
684
860
478
680
858
568
674
706
600
674
708
670
758
628
674
833
748
626
738
600
756
822
666
736
600
860
748
860
672
536
534
491
791
1097
643
799
611
1213
763
479
597
633
747
795
765
906
669
728
837
656
748
747
842
701
675
995
710
696
899
675
700
723
1094
657
907
775
749
886
827
995
1102
899
684
684
793
834
575
795
842
700
789
688
688
746
823
797
791
886
989
916
559
601
783
621
825
572
639
601
1211
795
475
1212
579
619
605
884
693
695
803
838
885
775
1094
833
652
702
623
738
744
524
1215
846
522
650
769
698
730
1212
797
730
1213
726
749
991
730
767
621
723
825
797
747
676
797
823
697
842
835
773
1102
547
689
557
729
773
709
827
629
791
701
535
615
699
765
889
703
812
687
770
775
698
726
765
748
781
741
787
688
674
853
741
678
784
823
675
781
713
767
894
845
787
787
853
662
662
793
740
636
889
748
678
893
666
666
724
841
891
729
894
803
858
625
667
761
639
843
614
705
629
789
889
536
806
640
637
623
761
779
775
831
744
781
713
823
771
694
680
679
780
722
566
793
752
569
692
707
726
772
806
797
772
808
768
767
767
772
705
639
784
843
797
765
654
891
841
777
748
853
711
787
608
692
580
960
790
666
708
744
832
967
510
740
656
814
742
964
1042
782
740
960
734
876
814
1044
672
698
758
864
850
784
698
854
694
840
770
1085
964
816
812
818
758
804
784
852
838
834
740
612
742
1044
854
736
856
856
874
814
744
960
812
774
892
628
586
642
754
816
676
662
558
830
742
538
874
616
752
738
692
664
666
712
1080
712
964
840
956
730
856
608
750
872
642
834
1048
526
728
938
636
742
874
678
742
876
738
816
738
742
966
754
694
816
678
814
850
744
814
668
1044
826
942
804
584
602
523
611
558
639
618
541
573
583
544
527
629
643
638
585
636
599
642
633
642
628
643
620
632
661
572
590
576
644
661
580
654
608
587
623
595
645
644
647
572
572
644
564
564
575
636
612
638
620
580
632
568
568
626
646
640
611
644
588
648
591
588
552
551
648
558
635
560
571
638
556
588
660
549
535
552
624
626
622
616
572
595
608
629
638
582
610
652
624
510
575
624
570
636
589
596
644
588
588
644
590
640
645
552
644
587
551
654
645
588
643
556
640
646
628
620
653
593
572
628
562
559
731
775
711
829
631
793
703
537
617
701
767
899
705
814
689
772
777
700
728
767
750
782
743
789
690
676
855
743
680
786
825
677
783
715
769
888
847
789
789
855
664
664
795
889
742
638
750
680
885
668
668
726
843
893
731
888
805
860
627
667
763
641
845
616
707
631
791
899
538
808
642
639
625
763
774
781
833
746
783
715
825
773
696
682
681
782
724
568
795
754
570
694
709
728
774
808
799
774
810
770
769
769
774
707
641
786
845
799
767
656
893
843
778
750
855
713
789
610
694
580
964
798
674
716
744
840
936
514
730
664
822
750
938
1050
786
748
968
742
884
822
1092
680
706
766
864
864
792
706
854
702
848
774
1055
948
824
820
826
766
812
792
838
860
842
748
1044
620
750
854
744
842
842
882
822
752
964
820
782
900
632
594
650
754
824
676
670
566
838
750
538
882
624
752
749
700
672
674
720
1048
720
948
848
964
738
856
616
758
880
642
842
1088
534
736
974
644
750
882
686
750
884
746
824
746
750
940
754
702
824
686
822
830
752
822
676
1092
834
973
812
592
610
587
877
674
624
646
759
698
845
498
737
614
772
680
847
852
770
688
849
702
844
772
854
620
656
664
872
858
712
656
874
642
724
758
859
857
774
740
756
664
688
712
846
846
700
678
854
580
680
854
674
850
850
842
752
682
874
740
680
820
616
544
580
761
754
684
620
516
696
680
546
722
584
759
745
620
612
614
650
858
640
857
724
845
698
876
566
698
840
648
700
858
494
696
847
584
690
722
616
690
724
686
774
644
690
849
761
642
754
616
772
838
682
752
616
854
764
851
688
552
550
553
725
769
705
823
625
787
697
531
611
695
761
885
699
808
683
766
771
694
722
761
744
777
737
783
684
670
849
737
674
780
819
671
777
709
763
894
841
783
783
849
658
658
789
893
736
632
885
744
674
662
662
720
837
887
725
894
799
854
621
663
757
635
839
610
701
625
785
885
532
802
636
633
619
757
777
771
827
740
777
709
819
767
690
676
675
776
718
562
789
748
565
688
703
722
768
802
793
768
804
764
763
763
768
701
635
780
839
793
761
650
887
837
773
744
849
707
783
604
688
582
854
662
612
634
746
686
853
486
746
602
760
668
855
840
758
676
837
690
832
760
842
608
644
652
860
846
700
644
850
630
712
746
857
861
762
728
744
652
676
700
860
834
688
666
856
568
668
842
850
662
864
830
740
670
854
728
668
808
604
532
568
756
742
672
608
504
684
668
534
710
572
754
740
608
600
602
638
860
628
861
712
833
686
852
554
686
828
650
688
846
482
684
835
572
678
710
604
678
712
674
762
632
678
857
756
630
742
604
760
852
670
740
604
842
752
839
676
540
538
582
854
662
612
634
746
686
853
486
746
602
760
668
855
840
758
676
837
690
832
760
842
608
644
652
860
846
700
644
850
630
712
746
857
861
762
728
744
652
676
700
860
834
688
666
856
568
668
842
850
662
864
830
740
670
854
728
668
808
604
532
568
756
742
672
608
504
684
668
534
710
572
754
740
608
600
602
638
860
628
861
712
833
686
852
554
686
828
650
688
846
482
684
835
572
678
710
604
678
712
674
762
632
678
857
756
630
742
604
760
852
670
740
604
842
752
839
676
540
538
586
873
720
670
692
734
744
845
520
720
660
818
726
847
918
808
734
923
748
922
818
882
666
702
710
852
838
758
702
842
688
770
805
885
857
820
786
802
710
734
758
826
826
746
724
874
626
726
882
842
720
830
830
798
728
873
786
726
866
638
590
626
744
800
696
666
562
742
726
544
768
630
742
728
666
658
660
696
878
686
857
770
917
744
844
612
744
918
634
746
886
540
742
851
630
736
768
662
736
770
732
820
690
736
849
744
688
800
662
818
818
728
798
662
882
810
855
734
598
596
573
803
797
741
809
703
821
775
539
689
737
839
843
777
886
761
851
849
743
800
839
822
747
757
805
762
748
853
757
752
769
847
749
855
787
841
881
953
805
811
853
736
736
823
841
814
646
843
822
752
837
740
740
798
845
803
881
821
954
641
645
743
713
967
659
737
617
819
843
546
839
650
711
697
761
739
741
813
818
781
787
847
845
739
754
667
850
796
611
823
826
560
737
781
711
853
839
779
853
841
853
841
785
842
779
713
769
951
779
839
728
845
971
743
822
961
785
811
629
677
561
733
777
713
831
633
795
705
539
619
703
769
893
707
816
691
774
779
702
730
769
752
783
745
791
692
678
857
745
682
788
827
679
785
717
771
890
849
791
791
857
666
666
797
891
744
640
893
752
682
887
670
670
728
845
733
890
807
862
629
667
765
643
847
618
709
633
793
893
540
810
644
641
627
765
775
777
835
748
785
717
827
775
698
684
683
784
726
570
797
756
571
696
711
730
776
810
801
776
812
772
771
771
776
709
643
788
847
801
769
658
901
845
783
752
857
715
791
612
696
591
991
747
665
697
759
789
951
529
741
655
813
731
953
962
801
729
959
733
875
813
964
661
697
737
876
862
763
697
877
683
797
789
971
963
815
791
807
737
761
763
850
850
791
729
960
611
731
964
874
725
854
854
873
803
733
791
753
871
647
585
631
765
805
688
661
557
787
731
550
813
615
763
749
671
653
655
701
964
691
963
797
955
729
876
607
739
871
648
791
968
525
727
957
625
731
813
667
731
815
727
815
717
731
955
765
683
805
667
813
842
733
803
657
964
815
961
761
583
591
565
791
866
717
835
669
884
763
534
655
707
805
888
765
884
727
810
837
738
788
805
820
780
749
874
750
736
940
749
740
792
916
715
853
775
807
1012
885
874
880
940
724
724
886
894
812
644
888
820
740
894
728
728
786
881
890
791
890
956
633
664
769
679
883
654
713
628
882
888
544
902
648
677
663
848
778
774
839
816
868
775
916
833
734
742
678
820
784
606
886
824
568
732
769
734
812
902
805
812
904
808
807
854
812
767
679
792
883
805
805
716
890
881
776
820
893
773
880
616
700
501
753
977
653
815
609
987
725
495
595
643
745
805
727
846
667
732
799
660
728
745
782
714
685
999
690
676
912
685
680
736
1028
655
825
737
747
890
825
999
991
912
664
664
989
803
774
588
805
782
680
799
668
668
726
821
807
753
890
896
569
617
795
619
823
576
649
627
985
805
488
994
592
617
603
884
706
708
819
778
911
737
1028
795
656
682
639
742
724
528
989
786
543
654
731
719
734
994
823
734
996
730
747
979
734
729
619
736
823
823
745
656
807
821
710
782
833
735
991
560
708
578
871
890
739
826
720
914
843
537
706
729
856
860
845
964
778
842
917
760
868
856
900
764
762
880
830
816
928
762
820
786
940
766
933
855
858
956
973
880
904
928
804
804
916
858
892
648
860
900
820
854
808
808
866
954
862
871
956
896
646
650
760
730
956
676
741
622
912
860
548
938
652
728
714
836
756
758
830
896
856
855
940
913
756
822
672
852
864
628
916
904
562
754
849
728
844
938
796
844
940
840
858
860
856
847
730
786
974
796
856
796
862
954
760
900
966
853
904
628
694
579
647
539
625
593
587
557
619
529
573
615
663
627
621
646
645
628
645
664
640
663
632
589
657
553
626
612
619
657
616
611
589
633
639
631
663
633
645
553
553
619
600
600
559
625
628
591
627
632
616
621
604
604
638
641
629
647
633
569
646
545
527
597
643
604
621
517
555
627
553
572
595
595
581
527
581
583
597
632
547
631
589
641
662
618
567
638
636
556
559
636
505
661
625
553
630
572
563
630
574
626
663
533
630
623
597
611
643
563
663
592
629
641
585
632
653
629
553
563
519
477
585
584
629
653
505
599
557
519
491
619
641
667
559
634
563
632
631
596
592
641
594
668
661
601
554
540
656
661
544
664
634
551
617
569
643
664
649
601
598
656
528
528
601
667
586
588
667
594
544
663
532
532
590
645
667
585
664
617
650
545
587
515
647
512
625
613
597
667
488
609
592
513
499
581
664
665
657
590
601
569
634
627
592
546
663
642
588
464
601
598
562
590
563
631
634
609
623
634
611
630
643
581
634
561
515
664
647
623
641
520
667
645
666
594
657
567
598
560
597
459
631
774
611
785
531
781
603
465
517
601
667
763
605
714
589
672
677
600
628
667
650
678
643
799
590
576
788
643
580
700
796
577
683
615
669
769
747
799
788
788
564
564
783
761
642
552
763
650
580
757
568
568
626
743
765
631
769
795
760
527
587
541
745
516
607
603
779
763
452
785
556
539
525
787
670
672
789
646
797
615
796
673
596
582
609
682
624
468
783
654
516
594
609
692
674
785
799
674
787
670
669
779
674
607
541
700
745
799
667
556
765
743
674
650
755
613
788
524
699
595
765
595
595
607
759
619
751
479
745
585
743
641
753
752
751
649
751
673
746
743
754
581
627
603
767
760
651
627
761
603
645
739
759
763
745
679
717
603
609
651
752
748
621
639
754
551
641
754
761
635
756
756
744
713
643
765
679
619
730
597
515
541
715
665
591
487
617
641
527
637
555
767
753
559
573
575
611
758
579
763
645
747
669
763
537
659
742
651
621
758
465
667
749
545
651
637
577
651
639
647
745
583
651
755
769
603
715
577
743
744
643
713
577
754
725
753
609
523
511
575
805
799
743
811
705
823
777
541
691
737
841
845
779
888
763
855
851
745
802
841
824
749
759
807
764
750
855
759
754
771
849
751
857
789
843
883
955
807
813
855
738
738
825
843
816
648
845
824
754
839
742
742
800
967
847
805
883
823
956
643
647
745
715
661
739
619
821
845
548
841
652
713
699
763
741
743
815
820
783
789
849
847
741
756
669
852
798
613
825
828
562
739
783
713
854
841
781
854
843
850
843
787
844
781
715
771
953
781
841
730
847
967
745
824
963
787
813
630
679
588
688
552
592
582
655
570
667
486
641
582
681
616
669
694
699
646
696
680
698
681
676
578
624
560
694
680
626
624
684
600
602
693
681
679
683
654
663
560
566
626
668
668
572
614
676
558
616
676
684
610
672
672
696
659
618
688
654
576
676
604
512
516
665
661
588
484
568
616
544
588
562
663
649
534
570
572
586
680
554
679
602
693
676
686
534
656
694
634
572
680
472
674
669
542
648
588
552
648
590
644
683
540
648
671
665
600
661
552
681
660
618
659
574
676
671
673
566
530
508
553
661
619
739
673
581
637
633
537
567
729
717
707
635
710
639
733
707
672
668
717
670
669
737
633
630
616
699
737
620
691
669
627
693
645
719
713
743
633
633
699
604
604
639
705
662
635
707
670
620
701
608
608
666
737
709
661
713
649
741
621
625
607
591
739
588
597
635
707
535
652
639
589
575
607
661
663
677
666
627
645
669
703
668
622
647
738
664
540
639
674
549
666
639
633
735
652
643
735
654
731
719
613
741
637
591
691
741
643
717
596
709
737
665
670
739
643
633
629
599
449
557
589
601
635
477
599
529
491
463
591
613
631
531
606
535
604
603
568
564
613
566
625
633
611
526
512
636
633
516
636
629
523
589
541
615
628
621
611
603
636
500
500
601
629
558
560
631
566
516
625
504
504
562
617
633
557
628
627
622
517
613
603
487
619
484
597
597
631
460
606
564
485
471
594
617
619
639
562
614
541
629
599
564
518
635
614
560
436
601
570
548
562
535
636
606
606
639
606
608
602
615
591
606
533
487
636
619
639
613
492
633
617
621
566
629
539
603
532
619
487
787
1095
639
795
607
1209
759
475
593
629
743
791
761
902
665
724
833
652
744
743
838
697
671
991
706
692
895
671
696
719
1090
653
903
771
745
882
823
991
1098
895
680
680
1211
789
830
571
791
838
696
785
684
684
742
819
793
787
882
985
912
555
597
779
617
821
568
635
597
791
471
1212
575
615
601
880
689
691
799
834
881
771
1090
829
648
698
619
734
740
520
1211
842
518
646
765
694
726
1212
793
726
1209
722
745
987
726
763
617
719
821
793
743
672
793
819
693
838
831
769
1098
543
685
559
731
775
711
829
631
793
703
537
617
701
767
899
705
814
689
772
777
700
728
767
750
782
743
789
690
676
855
743
680
786
825
677
783
715
769
888
847
789
789
855
664
664
795
889
742
638
899
750
680
885
668
668
726
843
893
731
888
805
860
627
667
763
641
845
616
707
631
791
538
808
642
639
625
763
774
781
833
746
783
715
825
773
696
682
681
782
724
568
795
754
570
694
709
728
774
808
799
774
810
770
769
769
774
707
641
786
845
799
767
656
893
843
778
750
855
713
789
610
694
519
550
458
539
518
517
473
529
494
503
529
556
538
531
550
551
542
549
560
546
556
538
532
557
472
556
542
544
557
546
554
508
539
543
541
557
544
547
472
472
544
530
530
475
536
538
556
538
538
546
532
534
534
544
546
540
550
544
488
548
553
488
452
527
548
544
535
460
471
538
488
560
525
511
452
524
526
522
542
472
541
508
545
556
548
510
552
542
496
475
542
470
554
531
496
544
488
488
544
490
540
557
452
544
533
527
554
545
488
556
522
540
546
528
538
553
535
472
528
462
504
813
1096
656
807
627
1210
785
487
613
646
763
808
787
946
685
744
859
672
770
763
882
714
688
997
732
718
912
688
722
736
1102
673
947
797
765
902
843
997
1104
912
706
706
1212
806
874
588
808
882
722
802
710
710
768
839
810
813
902
994
938
572
609
785
637
841
588
652
606
1212
808
488
592
635
621
886
706
708
811
878
890
797
1102
855
668
724
631
754
766
540
1212
886
530
666
791
706
746
1330
802
746
1326
742
765
988
746
789
637
736
841
802
763
698
810
839
710
882
851
795
1104
560
694
527
615
562
643
622
545
577
587
546
531
633
647
642
589
640
603
646
637
646
632
647
624
636
661
576
594
580
648
661
584
658
612
591
627
599
649
648
651
576
576
648
568
568
579
640
616
660
642
624
584
636
572
572
630
650
644
615
648
592
652
595
592
556
555
652
562
639
564
575
642
560
592
553
539
556
628
630
626
620
576
599
612
633
642
586
614
656
628
514
579
628
574
640
593
600
648
592
592
648
594
644
649
556
648
591
555
658
649
592
647
560
644
650
632
624
657
597
576
632
566
593
763
593
593
605
757
617
749
477
743
583
741
639
751
750
749
647
749
671
744
741
752
579
625
601
768
758
649
625
759
601
643
737
757
761
743
677
715
601
607
649
750
746
619
637
752
549
639
752
759
633
754
754
742
711
641
763
677
617
728
595
513
539
767
713
663
589
485
615
639
525
635
553
751
557
571
573
609
756
577
761
643
745
667
761
535
657
740
650
619
756
463
665
747
543
649
635
575
649
637
645
743
581
649
753
767
601
713
575
741
742
641
711
575
752
723
751
607
521
509
579
749
579
579
591
743
603
735
463
729
569
727
625
737
736
735
633
735
657
730
727
749
565
611
587
751
754
635
611
745
587
629
723
743
747
729
663
701
587
593
635
736
748
605
623
738
535
625
749
745
619
740
740
728
697
627
749
663
603
714
581
499
525
753
699
649
575
471
601
625
511
621
539
751
543
557
559
595
742
563
747
629
731
653
747
521
643
726
643
605
751
449
651
747
529
635
621
561
635
623
631
729
567
635
739
753
587
699
561
727
728
627
697
561
749
709
751
593
507
495
459
671
878
611
779
549
882
643
459
535
601
685
763
645
764
607
690
717
618
668
685
700
678
643
893
630
616
876
643
620
700
886
595
733
655
687
848
765
893
892
876
604
604
884
761
692
552
763
700
620
757
608
608
666
761
765
671
848
884
836
527
581
787
559
763
534
607
594
880
763
452
886
556
557
543
670
672
783
696
886
655
886
713
614
622
603
700
664
486
884
704
510
612
649
686
692
886
790
692
888
688
687
883
692
647
559
700
763
790
685
596
765
761
674
700
773
653
892
524
690
513
653
676
665
736
563
691
625
523
549
655
699
774
627
736
621
726
699
654
660
699
672
778
697
690
622
608
762
697
612
772
726
609
695
637
701
778
743
690
690
762
596
596
693
779
664
624
774
672
612
777
600
600
658
739
775
653
778
706
756
581
664
670
573
741
570
661
617
689
774
524
706
628
571
557
670
772
740
668
690
637
726
695
650
614
667
736
656
522
693
676
566
648
631
714
728
706
706
728
708
724
701
670
728
629
573
772
741
706
699
588
775
739
774
672
751
635
690
596
680
515
655
678
667
738
565
693
627
525
551
657
701
781
629
738
623
728
701
656
662
701
674
780
699
692
624
610
764
699
614
774
728
611
697
639
703
774
745
692
692
764
598
598
695
775
666
626
781
674
614
771
602
602
660
741
777
655
774
708
758
583
665
672
575
743
572
663
619
691
781
526
708
630
573
559
672
772
742
670
692
639
728
697
652
616
669
738
658
524
695
678
568
650
633
716
730
708
708
730
710
726
703
672
730
631
575
774
743
708
701
590
777
741
776
674
753
637
692
598
682
529
701
786
681
865
601
801
673
535
587
671
737
833
675
784
659
742
747
670
698
737
720
748
713
803
660
646
866
713
650
770
836
647
753
685
739
839
817
803
800
866
634
634
803
831
712
622
833
720
650
827
638
638
696
813
835
701
839
819
830
597
657
789
611
815
586
677
639
799
833
522
811
626
609
595
783
740
742
716
803
685
836
743
666
652
679
752
694
538
803
724
569
664
679
751
744
811
825
744
813
740
739
783
744
677
611
770
815
825
737
626
835
813
744
720
825
683
800
594
711
584
964
794
670
712
748
836
965
514
743
660
818
746
970
1046
786
744
964
738
880
818
1048
676
702
762
868
854
788
702
858
698
844
774
1081
968
820
816
822
762
808
788
856
842
838
744
1080
616
746
1048
858
740
860
860
878
818
748
964
816
778
896
632
590
646
758
820
680
666
562
834
746
542
878
620
756
742
696
668
670
716
716
968
844
960
734
860
612
754
876
646
838
1052
530
732
942
640
746
878
682
746
880
742
820
742
746
969
758
698
820
682
818
852
748
818
672
1048
830
946
808
588
606
479
691
876
631
799
569
883
663
479
555
621
705
783
665
784
627
710
737
638
688
705
720
698
663
898
650
636
896
663
640
720
912
615
753
675
707
868
785
898
890
896
624
624
885
781
712
572
783
720
640
777
628
628
686
781
785
691
868
911
856
547
601
797
579
783
554
627
614
881
783
472
890
576
577
563
886
690
692
803
716
675
912
733
634
642
623
720
684
506
885
724
530
632
669
706
712
890
810
712
892
708
707
878
712
667
579
720
783
810
705
616
785
781
694
720
793
673
890
544
710
589
963
731
649
681
753
773
961
513
745
639
797
715
963
946
785
713
943
717
859
797
948
645
681
721
867
853
747
681
857
667
781
773
969
979
799
775
791
721
745
747
861
841
775
713
964
595
715
948
857
709
861
861
857
787
717
963
775
737
855
631
569
615
763
789
679
645
541
771
715
541
797
599
761
747
655
637
639
685
968
675
781
939
713
859
591
723
855
647
775
952
509
711
941
609
715
797
651
715
799
711
799
701
715
965
763
667
789
651
797
849
717
787
641
948
799
945
745
567
575
521
797
1082
673
832
635
1092
769
512
621
663
771
825
771
912
693
758
843
686
772
771
848
734
705
1001
734
720
932
705
724
756
1146
681
891
781
773
916
851
1001
1096
932
708
708
1094
823
840
608
825
848
724
819
712
712
770
847
827
797
916
1028
940
589
634
796
645
849
602
669
629
1090
825
508
1102
612
643
629
886
726
728
836
844
912
781
839
682
726
656
768
768
554
1094
852
560
680
775
736
760
1102
825
760
1104
756
773
981
760
773
645
756
849
825
771
700
827
847
730
848
859
779
1096
580
710
587
955
789
707
739
737
831
927
523
723
697
855
773
929
1038
809
771
1033
751
919
855
964
703
739
779
855
841
805
739
845
725
839
803
987
939
857
833
849
779
803
805
829
829
833
771
956
629
773
964
845
767
833
833
917
845
775
955
833
795
913
641
627
673
747
847
693
703
599
829
773
545
855
633
745
731
713
695
697
743
960
733
939
839
747
847
649
781
920
635
833
968
543
745
933
667
773
855
709
773
857
769
857
759
773
931
747
725
847
709
855
821
775
845
699
964
857
937
803
601
633
582
729
632
672
662
659
650
701
532
645
662
774
696
703
754
717
726
751
778
746
774
738
658
704
640
708
694
706
704
698
680
682
705
741
713
779
734
743
640
646
706
682
682
652
694
730
638
696
738
698
690
686
686
744
739
698
729
734
656
756
662
592
596
669
741
676
668
564
648
696
556
668
642
667
653
614
650
652
666
734
634
713
682
747
700
614
736
742
628
652
742
552
772
707
622
728
668
632
728
670
724
779
620
728
705
669
680
741
632
774
674
698
739
654
738
751
711
646
610
588
589
876
676
626
648
760
700
847
500
739
616
774
682
849
854
772
690
851
704
846
774
856
622
658
666
874
860
714
658
876
644
726
760
861
859
776
742
758
666
690
714
848
848
702
680
856
582
682
856
876
676
852
852
844
754
684
876
742
682
822
618
546
582
763
756
686
622
518
698
682
548
724
586
761
747
622
614
616
652
860
642
859
726
847
700
568
700
842
650
702
860
496
698
849
586
692
724
618
692
726
688
776
646
692
851
763
644
756
618
774
840
684
754
618
856
766
853
690
554
552
499
607
606
651
675
527
621
579
541
513
641
663
681
581
656
585
654
653
618
614
663
616
675
683
623
576
562
678
683
566
690
656
573
639
591
665
678
671
623
620
678
550
550
623
679
608
610
681
616
566
675
554
554
612
667
683
607
678
639
672
567
663
609
537
669
534
647
635
619
681
510
631
614
535
521
603
667
669
679
612
623
591
656
649
614
568
664
610
486
623
620
573
612
585
653
656
631
645
656
633
652
665
603
656
583
537
690
669
645
663
542
683
667
671
616
679
589
620
582
619
570
739
718
747
748
649
736
711
540
635
732
785
782
713
822
707
846
785
740
746
785
758
744
754
726
708
694
792
754
698
766
768
695
781
723
787
820
851
726
732
792
682
682
738
780
750
652
782
758
698
776
686
686
744
850
784
739
820
742
852
638
642
682
659
852
656
738
614
734
782
552
754
656
657
643
700
736
738
752
754
720
723
768
781
736
700
664
742
608
738
762
566
734
717
708
848
754
718
848
756
844
787
706
848
715
659
766
849
718
785
674
784
850
740
758
865
721
732
630
674
584
871
718
668
690
732
742
843
518
718
658
816
724
845
920
806
732
918
746
920
816
880
664
700
708
850
836
756
700
840
686
768
804
883
855
818
784
800
708
732
756
824
824
744
722
872
624
724
880
840
718
828
828
918
796
726
871
784
724
864
636
588
624
742
798
694
664
560
740
724
542
766
628
740
726
664
656
658
694
876
684
855
768
920
742
842
610
742
632
744
884
538
740
849
628
734
766
660
734
768
730
818
688
734
847
742
686
798
660
816
816
726
796
660
880
808
853
732
596
594
564
648
504
544
534
646
522
639
438
639
534
633
568
641
640
641
598
639
632
636
633
642
530
576
512
650
650
578
576
648
552
554
629
643
647
635
606
615
512
518
578
646
638
524
566
642
510
568
642
648
562
650
650
634
611
570
648
606
528
628
556
464
468
651
613
634
540
436
520
568
496
540
514
650
643
486
522
524
538
646
506
647
554
635
628
650
486
608
632
524
646
424
626
637
494
600
540
504
600
542
596
635
492
600
643
651
552
613
504
633
638
570
611
526
642
623
641
518
482
460
491
791
1097
643
799
611
1213
763
479
597
633
747
795
765
906
669
728
837
656
748
747
842
701
675
995
710
696
899
675
700
723
1094
657
907
775
749
886
827
995
1102
899
684
684
1215
793
834
575
795
842
700
789
688
688
746
823
797
791
886
989
916
559
601
783
621
825
572
639
601
1211
795
475
1212
579
619
605
884
693
695
803
838
885
775
1094
833
652
702
623
738
744
524
846
522
650
769
698
730
1212
797
730
1213
726
749
991
730
767
621
723
825
797
747
676
797
823
697
842
835
773
1102
547
689
584
968
802
678
720
748
844
940
518
734
668
826
754
942
1054
790
752
972
746
888
826
1088
684
710
770
868
868
796
710
858
706
852
778
1059
952
828
824
830
770
816
796
842
860
846
752
1048
624
754
1088
858
748
846
846
886
826
756
968
824
786
904
636
598
654
758
828
680
674
570
842
754
542
886
628
756
751
704
676
678
724
1052
724
952
852
968
742
860
620
762
884
646
846
538
740
971
648
754
886
690
754
888
750
828
750
754
944
758
706
828
690
826
834
756
826
680
1088
838
978
816
596
614
437
525
510
553
565
455
520
497
501
441
543
557
570
499
550
513
556
547
556
542
557
534
574
571
527
504
490
568
571
494
574
560
501
537
509
559
568
561
527
524
568
478
478
522
569
526
570
570
534
494
565
482
482
540
560
571
525
568
543
562
505
562
516
465
562
472
549
548
518
570
470
530
574
463
449
510
566
568
569
530
530
509
560
543
552
496
573
566
538
424
522
538
550
503
566
558
530
552
558
532
554
559
507
558
501
465
574
559
552
557
470
571
560
570
534
567
507
524
542
532
580
727
630
670
660
657
648
699
530
643
660
777
694
701
752
715
724
749
776
744
777
736
656
702
638
706
692
704
702
696
678
680
703
739
711
773
732
741
638
644
704
680
680
650
692
728
636
694
736
696
688
684
684
742
737
696
727
732
654
754
661
590
594
667
739
674
666
562
646
694
554
666
640
665
651
612
648
650
664
732
632
711
680
745
772
698
612
734
740
626
650
740
550
705
620
726
666
630
726
668
722
773
618
726
703
667
678
739
630
777
672
696
737
652
736
749
709
644
608
586
575
957
725
643
675
739
767
929
507
725
633
791
709
931
940
779
707
937
711
853
791
974
639
675
715
857
859
741
675
847
661
775
767
949
941
793
769
785
715
739
741
831
858
769
707
938
589
709
974
847
703
835
835
851
781
711
957
769
731
849
625
563
609
749
783
669
639
535
765
709
531
791
593
747
747
649
631
633
679
942
669
941
775
933
707
849
585
717
849
637
769
971
503
705
603
709
791
645
709
793
705
793
695
709
933
749
661
783
645
791
823
711
781
635
974
793
971
739
561
569
485
625
686
637
749
535
696
597
509
521
627
671
728
599
708
593
698
671
626
632
671
644
722
669
703
594
580
750
669
584
744
736
581
667
609
673
734
715
703
700
750
568
568
698
726
636
596
728
644
584
722
572
572
630
711
730
625
734
719
728
553
631
692
545
713
542
633
636
694
728
496
706
600
543
529
686
714
716
751
640
706
609
736
667
622
586
653
708
628
494
698
648
566
620
603
700
706
728
700
708
696
673
683
700
601
545
744
713
728
671
560
730
711
718
644
723
607
700
568
708
562
731
710
739
740
641
728
703
537
627
738
777
774
705
814
699
854
777
732
738
777
750
736
746
718
700
686
784
746
690
758
760
687
773
715
779
812
843
718
724
784
674
674
730
772
742
644
774
750
690
768
678
678
736
853
776
731
812
734
844
630
634
674
651
854
648
735
606
726
774
544
746
648
649
635
692
728
730
744
746
712
715
760
773
728
692
656
848
734
600
730
754
558
726
709
700
746
710
856
748
852
779
698
840
707
651
758
841
710
777
666
776
853
732
750
849
713
724
632
666
504
813
1096
656
807
627
1210
785
487
613
646
763
808
787
946
685
744
859
672
770
763
882
714
688
997
732
718
912
688
722
736
1102
673
947
797
765
902
843
997
1104
912
706
706
1212
806
874
588
808
882
722
802
710
710
768
839
810
813
902
994
938
572
609
785
637
841
588
652
606
1212
808
488
1330
592
635
621
886
706
708
811
878
890
797
1102
855
668
724
631
754
766
540
1212
886
530
666
791
706
746
802
746
1326
742
765
988
746
789
637
736
841
802
763
698
810
839
710
882
851
795
1104
560
694
495
667
785
647
821
567
795
639
501
553
637
703
799
641
750
625
708
713
636
664
703
686
714
679
807
626
612
824
679
616
736
825
613
719
651
705
805
783
807
799
824
600
600
797
797
678
588
799
686
616
793
604
604
662
779
801
667
805
823
796
563
623
799
577
781
552
643
639
793
799
488
802
592
575
561
790
706
708
825
682
810
651
825
709
632
618
645
718
660
504
797
690
552
630
645
728
710
802
710
804
706
705
787
710
643
577
736
781
835
703
592
801
779
710
686
791
649
799
560
717
562
731
710
739
740
641
728
703
537
627
738
777
774
705
814
699
854
777
732
738
777
750
736
746
718
700
686
784
746
690
758
760
687
773
715
779
812
843
718
724
784
674
674
730
772
742
644
774
750
690
768
678
678
736
853
776
731
812
734
844
630
634
674
651
854
648
735
606
726
774
544
746
648
649
635
692
728
730
744
746
712
715
760
773
728
692
656
848
734
600
730
754
558
726
709
700
856
746
710
748
852
779
698
840
707
651
758
841
710
777
666
776
853
732
750
849
713
724
632
666
506
815
1096
658
809
629
1214
787
489
615
648
765
810
789
948
687
746
861
674
772
765
884
716
690
999
734
720
914
690
724
738
1104
675
949
799
767
904
845
999
1106
914
708
708
1213
808
876
590
810
884
724
804
712
712
770
841
812
815
904
996
940
574
611
787
639
843
590
654
608
1209
810
490
1326
594
637
623
888
708
710
813
880
892
799
1104
857
670
726
633
756
768
542
1213
888
532
668
793
708
748
1326
804
748
744
767
989
748
791
639
738
843
804
765
700
812
841
712
884
853
797
1106
562
696
558
727
706
735
736
637
724
699
533
623
736
773
770
701
810
695
850
773
728
734
773
746
732
742
714
696
682
780
742
686
754
756
683
769
711
775
808
839
714
720
780
670
670
726
768
738
640
770
746
686
764
674
674
732
853
772
727
808
730
840
626
630
670
647
850
644
731
602
722
770
540
742
644
645
631
688
724
726
740
742
708
711
756
769
724
688
652
844
730
596
726
750
554
722
705
696
852
742
706
852
744
775
694
836
703
647
754
837
706
773
662
772
853
728
746
845
709
720
628
662
589
815
723
723
735
735
747
787
539
721
713
889
769
789
864
793
777
861
779
822
889
824
709
755
731
784
770
779
755
774
731
773
781
847
799
897
807
845
731
737
779
758
758
749
767
816
645
769
824
774
763
762
762
820
841
771
815
807
747
858
663
643
669
745
843
683
719
615
745
769
557
765
649
743
729
687
701
703
739
820
707
799
773
857
779
776
665
787
818
635
749
828
559
773
793
673
779
765
705
779
767
775
711
779
791
745
731
843
705
889
750
771
841
705
824
853
797
737
617
639
465
717
985
617
779
573
989
689
459
559
607
709
769
691
810
631
696
763
624
692
709
746
678
649
991
654
640
876
649
644
700
981
619
789
701
711
854
789
991
992
876
628
628
991
767
738
552
769
746
644
763
632
632
690
785
771
717
854
979
860
533
581
779
583
787
540
613
591
987
769
452
988
556
581
567
883
670
672
783
742
878
701
981
759
620
646
603
706
688
492
991
750
507
618
695
683
698
988
787
698
989
694
711
698
693
583
700
787
787
709
620
771
785
674
746
797
699
992
524
682
562
731
710
736
740
641
728
703
534
627
726
777
774
705
814
699
838
777
732
738
777
750
736
746
718
700
686
784
746
690
758
760
687
773
715
779
812
857
718
724
784
674
674
730
772
742
644
774
750
690
768
678
678
736
842
776
731
812
734
856
630
634
674
651
844
648
741
606
726
774
544
746
648
649
635
692
728
730
744
746
712
715
760
773
728
692
656
848
734
600
730
754
558
726
709
700
840
746
710
840
748
836
779
698
707
651
758
856
710
777
666
776
842
732
750
849
713
724
626
666
581
955
723
641
673
745
765
967
505
745
631
789
707
969
938
777
705
935
709
851
789
940
637
673
713
859
845
739
673
849
659
773
765
967
965
791
767
783
713
737
739
853
833
767
705
966
587
707
940
849
701
857
857
849
779
709
955
767
729
847
623
561
607
755
781
671
637
533
763
707
533
789
591
753
739
647
629
631
677
969
667
965
773
931
705
851
583
715
847
643
767
944
501
703
933
601
707
789
643
707
791
703
791
693
707
755
659
781
643
789
853
709
779
633
940
791
937
737
559
567
595
765
595
595
607
759
619
751
479
745
585
743
641
753
752
751
649
751
673
746
743
754
581
627
603
767
760
651
627
761
603
645
739
759
763
745
679
717
603
609
651
752
748
621
639
754
551
641
754
761
635
756
756
744
713
643
765
679
619
730
597
515
541
769
715
665
591
487
617
641
527
637
555
767
753
559
573
575
611
758
579
763
645
747
669
763
537
659
742
651
621
758
465
667
749
545
651
637
577
651
639
647
745
583
651
755
603
715
577
743
744
643
713
577
754
725
753
609
523
511
543
683
706
695
766
593
721
655
542
579
685
729
786
657
766
651
756
729
684
690
729
702
780
727
720
652
638
792
727
642
808
756
639
725
667
731
792
773
720
720
792
626
626
723
784
694
654
786
702
642
780
630
630
688
769
788
683
792
736
786
611
664
700
603
771
600
691
636
719
786
554
736
658
601
587
700
772
774
770
698
720
667
756
725
680
644
690
766
686
552
723
706
574
678
661
744
758
736
736
758
738
754
731
700
758
659
603
771
736
729
618
788
769
776
702
781
665
720
626
710
575
805
799
737
811
705
823
777
535
691
727
841
845
779
888
763
839
851
745
802
841
824
749
759
807
764
750
855
759
754
771
849
751
857
789
843
883
973
807
813
855
738
738
825
843
816
645
845
824
754
839
742
742
800
951
847
805
883
823
974
643
647
745
715
953
661
741
619
821
845
545
841
649
713
699
763
741
743
815
820
783
789
849
847
741
756
669
849
798
613
825
828
559
739
783
713
841
841
781
841
843
837
843
787
856
781
715
771
781
841
730
847
951
745
824
963
787
813
626
679
495
667
785
647
821
567
795
639
501
553
637
703
799
641
750
625
708
713
636
664
703
686
714
679
807
626
612
824
679
616
736
825
613
719
651
705
805
783
807
799
824
600
600
797
797
678
588
799
686
616
793
604
604
662
779
801
667
805
823
796
563
623
799
577
781
552
643
639
793
799
488
802
592
575
561
790
706
708
825
682
810
651
825
709
632
618
645
718
660
504
797
690
552
630
645
728
710
802
835
710
804
706
705
787
710
643
577
736
781
703
592
801
779
710
686
791
649
799
560
717
587
813
721
721
733
733
745
785
537
719
711
895
767
787
862
791
775
859
778
820
895
822
707
753
729
782
768
777
753
772
729
771
779
845
797
889
805
843
729
735
777
756
756
747
765
814
643
767
822
772
761
760
760
818
839
769
813
805
745
856
663
641
667
743
841
681
717
613
743
767
556
763
647
741
727
685
699
701
737
818
705
797
771
855
774
774
663
785
816
633
747
826
557
777
791
671
777
763
703
777
765
773
889
709
777
789
743
729
841
703
748
769
839
703
822
851
795
735
615
637
570
842
650
600
622
734
674
851
474
740
590
748
656
852
828
746
664
825
678
820
748
830
596
632
640
848
834
688
632
838
618
700
734
850
849
750
716
732
640
664
688
848
822
676
654
850
556
656
830
838
650
852
852
818
728
658
842
716
656
796
592
520
556
744
730
660
596
492
672
656
522
698
560
742
728
596
588
590
626
852
616
849
700
821
674
840
542
674
816
638
676
834
470
672
823
560
666
698
592
666
700
662
750
620
666
853
744
618
730
592
748
658
728
592
830
740
827
664
528
526
561
733
777
713
831
633
795
705
539
619
703
769
893
707
816
691
774
779
702
730
769
752
783
745
791
692
678
857
745
682
788
827
679
785
717
771
890
849
791
791
857
666
666
797
891
744
640
893
752
682
887
670
670
728
845
901
733
890
807
862
629
667
765
643
847
618
709
633
793
893
540
810
644
641
627
765
775
777
835
748
785
717
827
775
698
684
683
784
726
570
797
756
571
696
711
730
776
810
801
776
812
772
771
771
776
709
643
788
847
801
769
658
845
783
752
857
715
791
612
696
573
803
797
741
809
703
821
775
539
689
737
839
843
777
886
761
851
849
743
800
839
822
747
757
805
762
748
853
757
752
769
847
749
855
787
841
881
953
805
811
853
736
736
823
841
814
646
843
822
752
837
740
740
798
971
845
803
881
821
954
641
645
743
713
967
659
737
617
819
843
546
839
650
711
697
761
739
741
813
818
781
787
847
845
739
754
667
850
796
611
823
826
560
737
781
711
853
839
779
853
841
853
841
785
842
779
713
769
951
779
839
728
845
743
822
961
785
811
629
677
517
657
680
669
740
567
695
629
527
553
659
703
778
631
740
625
730
703
658
664
703
676
782
701
694
626
612
766
701
616
776
730
613
699
641
705
776
747
694
694
766
600
600
697
777
668
628
778
676
616
773
604
604
662
743
783
657
776
710
760
585
666
674
577
745
574
665
621
693
778
528
710
632
575
561
674
774
776
744
672
694
641
730
699
654
618
671
740
660
526
697
680
570
652
635
718
732
710
710
732
712
728
705
674
732
633
577
776
745
710
703
592
783
743
676
755
639
694
600
684
580
964
798
674
716
744
840
936
514
730
664
822
750
938
1050
786
748
968
742
884
822
1092
680
706
766
864
864
792
706
854
702
848
774
1055
948
824
820
826
766
812
792
838
860
842
748
1044
620
750
1092
854
744
842
842
882
822
752
964
820
782
900
632
594
650
754
824
676
670
566
838
750
538
882
624
752
749
700
672
674
720
1048
720
948
848
964
738
856
616
758
880
642
842
1088
534
736
974
644
750
882
686
750
884
746
824
746
750
940
754
702
824
686
822
830
752
822
676
834
973
812
592
610
585
815
809
747
821
715
833
787
541
701
733
851
855
789
898
773
847
861
755
812
851
834
759
769
817
774
760
865
769
764
781
859
761
867
799
853
893
965
817
823
865
748
748
835
853
826
653
855
834
764
849
752
752
810
961
857
815
893
833
966
653
657
755
725
963
671
739
629
831
855
553
851
657
723
709
773
751
753
825
830
793
799
859
857
751
766
679
865
808
623
835
838
567
749
793
723
849
851
791
849
853
845
853
797
849
791
725
781
963
791
851
740
857
961
755
834
797
823
630
689
579
961
729
647
679
743
771
933
511
729
637
795
713
935
944
783
711
941
715
857
795
973
643
679
719
861
863
745
679
851
665
779
771
953
945
797
773
789
719
743
745
835
860
773
711
942
593
713
973
851
707
839
839
855
785
715
961
773
735
853
629
567
613
753
787
673
643
539
769
713
535
795
597
751
751
653
635
637
683
946
673
945
779
937
711
853
589
721
853
641
773
978
507
709
971
607
713
795
649
713
797
709
797
699
713
937
753
665
787
649
795
827
715
785
639
973
797
743
565
573
485
761
1096
637
796
599
1100
733
476
585
627
735
789
735
876
657
722
807
650
736
735
812
698
669
1000
698
684
896
669
688
720
1096
645
855
745
737
880
815
1000
1110
896
672
672
1102
787
804
572
789
812
688
783
676
676
734
811
791
761
880
991
904
553
598
788
609
813
566
633
603
1098
789
472
1104
576
607
593
892
690
692
800
808
890
745
1096
803
646
690
620
732
732
518
1102
816
524
644
739
700
724
1104
799
724
1106
720
737
992
724
737
609
720
813
799
735
664
791
811
694
812
823
743
544
694
495
583
530
631
590
513
545
555
530
499
626
615
610
557
608
571
630
605
614
600
615
592
604
629
544
562
548
616
629
552
626
580
559
595
567
617
616
628
544
544
616
536
536
547
608
584
628
610
592
552
604
540
540
598
629
612
583
616
560
628
563
560
524
523
630
530
629
532
543
610
528
560
632
521
507
524
596
598
594
588
544
567
580
601
610
554
582
630
596
482
547
596
542
608
561
568
632
560
560
632
562
628
617
524
626
559
523
626
626
560
615
528
612
629
600
592
630
565
544
534
451
591
680
603
707
501
687
563
475
487
593
637
694
565
674
559
664
637
592
598
637
610
688
635
702
560
546
710
635
550
710
710
547
633
575
639
700
681
702
694
710
534
534
689
692
602
562
694
610
550
688
538
538
596
677
696
591
700
708
694
519
597
699
511
679
508
599
619
685
694
462
694
566
509
495
690
680
682
711
606
710
575
710
633
588
552
619
674
594
460
689
614
532
586
569
708
666
694
717
666
696
662
639
682
666
567
511
710
679
717
637
526
696
677
684
610
689
573
694
534
