31
2314908149 314142594 
3123618535 550636526 
725597206 224666224 
2020397273 609086352 
1424865104 422761315 
446289838 275706575 
1658358802 882402739 
1869957076 223258716 
3324648278 29051355 
1117334180 15409698 
3305555287 315182076 
98843371 316263116 
861060205 485840141 
862194513 148876320 
1353905334 448097554 
437733727 219956490 
436975417 5854807 
1190848334 687127722 
206063519 430669081 
426286254 775106490 
990036470 857775021 
427904277 941062126 
3847776505 749635742 
105251417 302399794 
670263734 104852615 
1824251488 320399035 
1791981570 387602250 
451051889 28333955 
3089113684 4305197 
3725778310 34947914 
1918108336 690124916 
