1000
41 8467 6334 6500 9169 5724 1478 9358 6962 4464 5705 8145 3281 6827 9961 491 2995 1942 4827 5436 2391 4604 3902 153 292 2382 7421 8716 9718 9895 5447 1726 4771 1538 1869 9912 5667 6299 7035 9894 8703 3811 1322 333 7673 4664 5141 7711 8253 6868 5547 7644 2662 2757 37 2859 8723 9741 7529 778 2316 3035 2190 1842 288 106 9040 8942 9264 2648 7446 3805 5890 6729 4370 5350 5006 1101 4393 3548 9629 2623 4084 9954 8756 1840 4966 7376 3931 6308 6944 2439 4626 1323 5537 1538 6118 2082 2929 6541 4833 1115 4639 9658 2704 9930 3977 2306 1673 2386 5021 8745 6924 9072 6270 5829 6777 5573 5097 6512 3986 3290 9161 8636 2355 4767 3655 5574 4031 2052 7350 1150 6941 1724 3966 3430 1107 191 8007 1337 5457 2287 7753 383 4945 8909 2209 9758 4221 8588 6422 4946 7506 3030 6413 9168 900 2591 8762 1655 7410 6359 7624 537 1548 6483 7595 4041 3602 4350 291 836 9374 1020 4596 4021 7348 3199 9668 4484 8281 4734 53 1999 6418 7938 6900 3788 8127 467 3728 4893 4648 2483 7807 2421 4310 6617 2813 9514 4309 7616 8935 7451 600 5249 6519 1556 2798 303 6224 1008 5844 2609 4989 2702 3195 485 3093 4343 523 1587 9314 9503 7448 5200 3458 6618 580 9796 4798 5281 9589 798 8009 7157 472 3622 8538 2292 6038 4179 8190 9657 7958 6191 9815 2888 9156 1511 6202 2634 4272 55 328 2646 6362 4886 8875 8433 9869 142 3844 1416 1881 1998 322 8651 21 5699 3557 8476 7892 4389 5075 712 2600 2510 1003 6869 7861 4688 3401 9789 5255 6423 5002 585 4182 285 7088 1426 8617 3757 9832 932 4169 2154 5721 7189 9976 1329 2368 8692 1425 555 3434 6549 7441 9512 145 8060 1718 3753 6139 2423 6279 5996 6687 2529 2549 7437 9866 2949 193 3195 3297 416 8286 6105 4488 6282 2455 5734 8114 1701 1316 671 5786 2263 4313 4355 1185 53 912 808 1832 945 4313 7756 8321 9558 3646 7982 481 4144 3196 222 7129 2161 5535 450 1173 466 2044 1659 6292 6439 7253 24 6154 9510 4745 649 3186 8313 4474 8022 2168 4018 8787 9905 7958 7391 202 3625 6477 4414 9314 5824 9334 5874 4372 159 1833 8070 7487 8297 7518 8177 7773 2270 1763 2668 7192 3985 3102 8480 9213 7627 4802 4099 527 2625 1543 1924 1023 9972 3061 4181 1003 7432 7505 7593 2725 3031 8492 142 7222 1286 3064 7900 9187 8360 2413 974 4270 9170 235 833 9711 5760 8896 4667 7285 2550 140 3694 2695 1624 8019 2125 6576 1694 2658 6302 7371 2466 4678 2593 3851 5484 1018 8464 1119 3152 2800 8087 1060 1926 9010 4757 2170 315 9576 227 2043 2758 7164 5109 7882 7086 9565 3487 9577 4474 2625 5627 5629 1928 5423 8520 6902 4962 123 4596 3737 3261 195 2525 1264 8260 6202 8116 5030 326 9011 771 6411 5547 1153 1520 9790 4924 188 1763 4940 851 8662 3829 900 7713 8958 7578 8365 3007 1477 1200 6058 6439 2303 2760 9357 2324 6477 5108 1113 4887 9801 2850 4460 2428 2993 7384 9405 6540 1111 8704 2835 2356 6072 9350 8823 4485 556 3216 1626 9357 8526 3357 9337 3271 3869 9361 2896 3022 9617 112 2717 8696 1585 4041 4423 4129 4229 4565 6559 8932 2296 9855 2053 6962 3584 9734 6654 6972 1457 4369 2532 2963 2607 2483 911 1635 67 2848 4675 2938 2223 2142 3754 6511 2741 175 1459 7825 3221 7870 1626 1934 5205 1783 3850 7398 2279 2701 2193 2734 1637 6534 5556 1993 176 5705 6962 548 5881 300 4413 6641 9855 4855 3142 1462 7611 877 424 2678 1752 8443 8296 2673 40 9313 875 72 2818 610 1017 4932 8112 695 3169 3831 40 6488 8685 9090 9497 2589 5990 5145 9353 9314 8651 6740 2044 1258 335 8759 1192 7605 5264 2181 8503 3829 3775 608 9292 5997 7549 9556 5561 1627 6467 9541 6129 1240 7813 9174 601 6077 215 8683 8213 3992 5824 5601 3392 5759 2670 6428 8027 4084 75 8786 5498 4970 6287 3847 2604 503 1221 2663 5706 2363 9010 2171 7489 8240 2164 5542 7619 913 7591 6704 1818 9232 750 5205 4975 1539 303 1422 1098 1247 3584 3648 2971 7864 2913 1075 1545 8712 7546 8678 1769 5262 8519 3985 8289 5944 2865 8540 3245 5508 8318 7870 9601 8323 1132 4472 7152 5087 8570 9763 9901 7103 4423 3527 1600 6969 4015 5565 28 1543 5347 2088 2943 2637 2409 6463 5049 4681 1588 1342 608 2060 1221 1758 9954 888 4146 690 7949 2843 1430 5620 748 7067 4536 783 8035 2226 5185 7038 9853 5629 1224 5748 9923 3359 2257 4766 4944 4955 3318 2726 5411 1025 355 1001 2549 9496 8584 9515 7964 3342 8075 7913 6142 1196 1948 5072 426 4606 6173 4429 2404 6705 626 9812 9375 93 6565 6036 4736 9141 814 5994 8256 6652 3936 838 482 1355 1015 1131 8230 7841 4625 2011 2637 4186 9690 1650 5662 1634 893 353 1416 3452 4008 7262 2233 5454 6303 6634 6303 4256 148 1124 2317 4213 7109 4028 9200 1080 1318 6858 4050 4155 1361 5264 1903 3676 9643 6909 4902 3561 8489 4948 1282 3653 674 2220 5402 6923 3831 9369 3878 259 9008 2619 3971 3 1945 9781 6504 2392 2685 5313 6698 5589 2722 5938 9037 6410 1461 6234 2508 9961 3959 6493 1515 5269 4937 8869 58 4700 3971 6264 5117 6215 4555 7815 8330 3039 212 9288 8082 1954 6085 710 4484 4774 8380 9815 5951 6541 8115 1679 7110 5898 3073 788 3977 8132 9956 8689 6113 8 2941 5790 1723 1363 28 5184 4778 7200 5071 1885 1974 1071 1333 2867 6153 4295 2168 825 9676 5629 8650 2598 3309 4693 4686 80 116 2249 
500
6667 528
6679 857
9421 389
8826 798
7516 618
8666 947
7681 850
1340 651
6021 574
4721 10
9309 215
7902 554
7124 665
2745 359
8423 153
4806 88
9318 522
1907 916
3481 1012
1136 136
4114 289
4084 73
2290 853
9996 508
1054 769
4708 248
7491 374
5131 331
6439 762
4722 892
6995 22
5269 262
8238 623
7918 536
7659 444
8486 496
7462 733
2158 615
1146 746
3037 808
647 338
6602 618
4098 738
9292 1041
7278 963
8352 593
3882 540
8315 387
8762 135
2336 564
1418 997
5828 188
6816 34
4449 77
658 229
4520 390
9560 363
5162 598
675 792
2361 1043
6398 886
8714 421
1188 453
8638 25
5075 43
1521 475
5615 274
3234 833
905 920
9557 99
4161 564
2549 333
330 835
8350 384
2925 170
9737 211
8337 202
2393 97
714 136
1591 527
9135 345
3337 275
6337 459
8664 223
5608 216
9281 575
9152 997
8652 585
9876 978
8396 1038
6249 470
9174 272
943 943
1941 615
8419 95
3805 1015
6216 762
1615 415
1064 382
6893 688
3509 600
9695 765
5589 1039
1172 320
7358 639
6268 641
8510 468
774 1030
910 284
4182 993
5495 214
874 253
4902 455
4460 474
6972 85
6122 1017
1577 861
5605 36
7594 124
6343 754
2481 1012
1672 1019
3428 302
9762 352
4408 1043
1908 348
1759 536
5204 184
4319 958
5945 839
8166 620
1367 727
1787 232
556 383
3447 485
8283 117
9331 104
8583 797
2723 912
2018 1108
9220 331
2182 1036
9490 931
4324 771
9677 1097
1643 664
5677 894
1068 198
2196 895
6828 833
9426 921
697 347
8703 659
1408 933
9508 261
238 1137
6443 505
2501 751
5128 953
3650 333
1192 294
5869 681
7465 513
7713 22
8634 1028
972 695
4901 458
5177 1040
5770 702
4364 212
6590 633
2237 997
2179 187
169 1154
2042 786
8182 483
7926 79
1670 749
5651 1080
7213 428
5783 46
2742 343
4472 36
8434 1109
718 1135
4867 1165
938 695
9257 197
8614 778
8458 283
6063 626
807 31
9489 363
6365 1057
7586 192
7833 1190
3330 932
8928 764
2433 1078
6766 536
9810 799
1837 274
1982 116
9352 542
1244 122
6608 817
1647 548
9535 1173
3264 1081
3243 1051
2015 221
189 357
9812 348
9523 443
4474 711
9891 470
9854 262
5697 51
7780 654
2931 850
3340 67
899 547
8483 650
7492 78
8252 531
1560 1134
1840 847
2785 124
1540 385
8791 1102
3210 19
1578 1128
971 653
73 465
1620 519
3826 401
9790 402
3578 26
418 491
159 971
2924 392
380 947
7967 272
6477 1101
5370 263
4196 869
3722 151
9019 80
1056 410
1163 446
3716 1182
5452 239
4954 553
2862 372
5460 551
904 89
136 912
9198 635
4387 1134
7240 999
7006 1110
241 1228
5249 999
1758 738
9621 663
7296 1061
5678 50
3579 985
7577 70
4007 887
4081 455
2678 527
7753 547
1784 289
3093 868
6172 1043
9929 1134
168 1224
1191 861
8922 353
5651 746
2144 1074
1577 877
4629 407
5874 383
5469 1067
8146 1115
9091 806
6949 1097
640 272
236 811
9487 242
8162 159
3183 636
180 569
3065 1165
2513 189
2578 326
6878 1160
4611 771
2445 170
9975 479
4750 941
3333 835
2214 330
7007 27
8896 695
8522 961
1810 637
7231 878
6705 1239
6321 1294
1351 1079
4208 455
2276 793
189 177
7666 590
3455 711
9614 906
9253 1225
1348 623
861 1295
9082 557
4197 938
8752 1257
7296 1106
6021 587
5947 584
8318 1167
1376 445
9859 1058
2074 1267
6922 1311
1643 895
8153 1226
4747 645
9926 294
6450 94
4961 819
855 922
5716 1193
1561 448
6473 92
1550 179
1181 255
2699 625
8643 1313
7172 1182
9981 764
3476 334
8247 1240
6671 699
2372 288
3989 1202
3165 537
9658 453
7206 814
6948 849
7171 512
3396 389
1020 574
5529 1178
109 278
1969 355
1617 1287
6626 954
9168 148
5928 1161
8118 1134
5199 833
4486 19
2420 145
8271 721
7415 593
318 832
1331 392
8387 1060
3186 737
4360 1291
8074 230
7152 1291
268 550
9885 337
1311 1008
2677 406
7768 1322
9413 842
542 893
38 568
7355 788
1647 401
3093 1283
987 1017
493 1252
9501 754
9447 320
753 1164
5084 934
3525 863
3964 796
4872 1106
3656 541
2593 442
6080 838
1411 1077
968 441
7216 831
8768 156
1531 261
3779 937
2259 1273
7936 684
4365 578
7720 1401
5680 492
8455 65
4071 736
3559 654
5602 816
7905 507
7375 262
2885 647
1080 414
797 1319
508 112
5340 676
9058 121
7740 1411
474 497
9097 306
3335 1062
3400 707
2955 618
4141 660
2481 1394
8315 741
6225 1009
2012 892
1455 68
5043 742
21 642
4512 602
6018 1412
3717 1056
7650 294
3335 1199
3169 205
5303 935
1979 1031
9105 158
8661 1431
3652 47
4033 85
5987 1230
6253 1181
1420 1264
2718 596
1063 1401
652 1368
4769 1290
5005 607
1594 1033
4326 352
1323 688
7679 566
2588 1270
9271 353
9221 597
183 101
3955 571
4779 596
3262 1012
3487 700
9033 615
2935 617
5993 40
4962 1253
1001 1381
1807 919
2669 176
2671 1457
2998 583
3597 880
8838 14
7372 1143
1028 1049
8801 1349
3490 169
1601 419
1197 1357
9771 993
9301 1489
7721 581
7421 1050
8610 495
6741 72
1812 727
3015 570
3393 1248
5279 395