100
244641009859 584423164860
592075475634 799335549158
527476927808 541172096650
612503158867 948692511886
24322595515 587834416479
995645468307 999312081458
150939887597 208232986351
937973764525 972322135500
506710156469 750410978566
646860350786 672932189412
488784695957 562440113223
890208427221 901145035589
297067590963 744912312678
449475357775 558894730141
497135993561 564015759491
322046718075 578406629784
648704533750 767628509406
670946936715 837060341214
358706350235 889712770822
819254020497 946188279645
833016233727 965439424354
810208182535 853233051133
159714622972 362376750529
110591062856 312709011420
965436362895 995432125702
654592784660 991351670865
400629389147 560765653311
701108369168 819433880077
69481175335 90306049541
146292418116 478326513714
931846800220 994736549899
765247483035 776568370007
717120137864 787055393516
22922573158 589021958702
992028547805 999844856032
882384345561 933163437187
612063910066 807385502844
975826127245 981540546348
533906788609 826423443792
657286722301 745200620926
974261766632 990107248645
628203654153 984293559497
521866867496 586429740437
338498873973 884339510794
459778111145 617815615352
729900731499 938091926706
719812454644 737016350790
24752070901 393719342578
395914426807 770296183422
757677019268 847683359692
93807436869 446390472262
83812160876 827867190578
58967822355 398213463953
867144983653 984123796598
927490584892 932211186221
921899209996 924545416897
295368919294 948199093932
37994281567 669609966821
488304207419 910941206632
376107965253 416223449274
497833723385 619208667357
803577862916 988143850035
342737671139 661869866510
626670346697 995783651982
503571712709 526178226339
966987412772 982691555950
114777359635 186167563179
672044007561 844653317372
988496321891 997690974350
929128975823 977753098808
910113144558 915145945627
418298506677 857748061282
749696075283 810112685535
675537408088 724600725536
294577365205 837702747004
920480013759 995321396607
418452705112 513735039628
162504650320 432420970856
712478475367 866198698131
739236565847 880139915780
892780434929 959989239769
232676290438 303233522603
392709393800 850778728712
941590003567 944929282289
684688328929 945219960906
730855596556 840272905414
941210757718 972652360231
648516813112 876143550032
270802475367 523258990268
795060415028 842364771563
263166546740 545219017042
532074878499 591521947554
686163671813 719472163264
449135555213 495382348158
794673801923 802331049914
664425327072 712346087201
179583619964 897388629942
970957904874 997604607843
608143052258 778014930367
616809440865 977616220334
