1
2393
317 530
196 2
211 1644
80 303
255 1596
1641 2150
1662 1246
1626 1150
1170 448
2244 653
926 1356
1107 1659
1975 927
1240 1088
2261 25
340 281
822 227
872 78
1601 1027
255 1139
1319 1106
535 279
4 2357
2382 902
711 1973
1719 2242
2049 756
1533 77
2084 2199
1299 1505
1809 1586
32 1898
442 30
491 352
728 652
1510 2072
1729 2374
1236 1767
915 945
88 1560
286 805
1670 1962
381 546
1635 2275
1565 1035
815 844
1746 1019
652 1354
52 500
672 1086
951 204
1916 539
2002 1067
409 40
246 447
96 737
137 2078
589 1016
2078 1434
2050 1682
956 693
458 1454
1510 871
735 268
360 926
1653 2204
1302 1397
493 995
371 1700
1894 1337
892 718
1222 2034
676 1061
309 371
1769 881
269 1826
171 954
2105 1005
2101 377
1798 340
978 949
591 1247
1287 1666
1590 57
607 1199
745 63
1855 898
986 336
871 1317
2263 2027
2036 1644
199 959
2157 2036
1102 1506
462 1917
1598 548
1918 2092
440 1956
948 240
1129 1444
457 405
829 66
714 1524
68 1758
1775 2193
244 1092
1887 632
263 462
297 83
1711 2009
1480 325
1507 475
64 2017
624 322
521 277
1925 2147
1343 1256
1336 404
2304 2330
980 1298
1157 1871
1500 1349
1104 1419
1604 1457
262 618
143 966
1546 2242
1774 338
86 2311
1027 1770
185 2121
275 412
488 1650
149 2202
308 2313
15 834
640 1373
1884 1004
1047 1031
134 897
875 37
1866 1879
203 1982
2310 121
1154 1878
1805 1988
1548 54
2338 2192
2061 555
543 352
20 1932
1403 977
552 746
2331 220
1257 1601
1067 2116
1148 2040
356 285
22 1295
1205 361
1387 76
1706 2213
2015 1769
150 405
226 722
2329 1199
1110 1116
1665 1166
1387 484
886 1290
170 1398
1639 1483
1523 1863
263 305
127 222
818 2327
1520 1411
1501 1495
635 2201
122 1100
1441 642
1762 1567
79 1360
314 2253
1220 1533
2389 1399
723 964
1733 105
1220 343
1671 453
971 1263
882 2036
158 787
2170 1967
53 1290
1760 857
472 1337
808 2038
2320 2067
473 2351
191 2343
1586 2020
1697 847
1378 2131
684 428
1456 2066
1224 2029
279 669
356 260
1910 1293
2185 1116
141 1205
2062 1401
1653 354
1369 1639
1920 479
1479 1038
1268 692
933 379
689 700
2212 2103
508 2118
186 2127
314 790
1629 2294
1250 1169
1381 872
454 721
1205 1960
1827 2247
1012 270
908 1011
1610 1104
2168 1569
2042 143
1646 375
246 828
1032 644
2166 1211
122 1812
1730 397
578 2283
1340 1310
682 1788
1942 1393
662 995
872 487
1199 2098
1300 334
2161 470
119 704
1858 1801
713 1183
1526 2077
1834 1542
66 454
774 283
1385 2049
1710 1950
1467 203
2125 1601
1458 1975
1792 1229
1913 792
218 952
1727 2146
210 476
464 742
205 289
1837 1613
1081 1347
2281 1950
323 2315
740 2293
1945 272
1824 1404
235 687
1549 1642
435 1824
433 976
866 563
1069 2082
257 1488
726 918
1377 687
519 420
1534 1538
2106 2246
2200 438
1214 1720
734 2033
708 49
151 294
694 910
2005 1987
601 1780
1427 567
1398 1432
2146 1816
1487 2337
1886 1296
1124 1125
1509 1558
566 1632
2030 522
1278 1400
888 48
1410 1673
1243 856
276 1103
629 1013
600 1065
1984 713
1237 236
2332 8
902 994
59 295
451 783
607 988
334 32
1050 2331
690 1488
2067 1405
1439 847
2210 1889
2052 624
1134 1901
1397 347
372 1894
1256 2231
1996 1118
1131 1077
1858 538
2006 739
446 1282
601 1914
1108 2104
547 463
1803 212
2113 1000
674 337
1456 411
2349 661
493 2069
570 2199
1423 2316
531 1522
543 1885
1792 1757
396 969
1273 850
997 2368
2026 462
1405 1470
1357 2210
1003 260
1459 744
651 1856
1390 1155
644 1493
1353 1735
486 1228
1691 1573
887 827
1143 505
1664 604
1189 124
462 441
2144 565
825 1087
1857 198
2174 117
601 820
339 2021
1715 657
2326 1450
449 864
1658 1026
1529 1667
2362 239
2064 1248
641 1561
1423 1485
1822 1071
1581 1287
1267 1787
1031 1176
1348 1254
240 1185
2361 438
1161 2288
1268 1819
2181 1144
489 732
1551 614
2032 265
509 855
1944 2060
232 579
552 1862
1096 1631
1060 1155
699 1243
1577 2020
1607 915
1674 2110
323 1378
1142 1166
1757 1125
610 43
510 1793
1021 1552
1884 2199
1337 1098
1559 1307
1009 601
810 506
1080 2056
2118 423
2030 2382
1470 1800
504 718
675 943
1073 1636
2319 927
1362 2082
1299 2273
2389 877
1561 1896
1805 831
1220 1194
1644 1848
2252 2134
2392 2102
524 1361
116 937
1820 1364
2253 1173
2058 1837
922 1461
1455 695
2295 15
12 1570
1952 784
2227 1006
46 148
1571 1679
868 1129
2285 840
2350 1176
812 493
2287 1216
719 2142
1490 1946
1738 2316
2128 1975
2348 2069
429 1276
387 1802
271 2124
1403 848
2381 2024
1668 1453
642 630
2246 971
755 2139
2284 1998
1965 1346
2039 1960
844 1664
2110 121
2199 1090
743 735
7 1208
2028 1025
2300 1616
2130 1734
351 94
2062 237
2073 253
1936 2088
729 1619
1248 615
157 1919
1027 1786
1717 1259
1156 2348
1562 264
1376 2014
1368 530
1522 826
1580 261
2197 183
527 1191
1930 128
1517 933
267 661
1195 868
1376 1058
2113 1255
601 1073
631 1395
1726 2165
2242 1040
1415 371
1052 780
2115 1715
1474 152
2327 2271
612 1662
417 1846
990 1518
507 328
674 174
2215 993
998 253
599 1278
1134 2058
2189 1528
611 2182
2200 1168
2062 528
2177 1468
2268 2073
477 1212
348 2152
1983 616
564 1786
541 2005
137 680
1022 1081
138 479
2243 1431
1408 2379
2194 1802
1720 1626
1738 1494
1783 1549
18 492
1622 564
1281 727
1882 575
2107 168
673 381
2314 81
175 2109
1620 2169
968 1788
1201 468
646 1465
1657 1640
1257 1708
1095 429
1269 1852
1212 1808
595 1232
1678 2114
2113 519
2071 1967
2203 1533
712 2235
999 1866
1069 113
752 1411
1110 516
819 1753
514 434
1083 2145
1686 2294
687 658
589 1374
1157 713
1252 2138
25 1965
311 1875
202 1172
963 784
1375 2392
1672 720
2201 611
1704 742
1324 2141
438 1854
843 2331
2270 2321
1976 1561
2052 1134
1635 2171
338 245
931 1835
1918 1765
338 1797
1722 648
1573 430
1379 762
2386 2080
2188 1492
2047 588
545 1037
1781 1041
1446 639
384 1075
1667 274
185 1402
35 599
1585 2280
559 2163
1710 2307
308 167
2096 1640
2163 790
753 1656
450 200
518 1123
1893 122
1159 1393
1283 750
4 758
1312 1587
645 1617
1153 793
1051 1447
987 2281
70 1047
288 357
293 853
1095 2032
1939 1209
615 2266
1100 821
206 2083
573 958
232 1249
1245 1042
2053 540
785 723
405 157
1241 503
483 255
1435 514
511 1761
278 1722
25 975
2049 1405
19 2205
289 1057
1284 1646
1605 895
714 1320
408 303
448 556
426 1712
1735 75
1261 803
1752 1820
1230 1351
950 1655
1447 1902
2288 1799
847 970
470 2333
267 1608
548 2306
220 360
1604 1342
1904 1951
1357 390
2340 1791
889 1246
1662 2009
986 1163
744 498
154 1891
271 1274
1701 811
1980 2369
5 1817
670 661
2077 2088
430 1143
246 1511
1252 1075
1292 1191
1654 1140
1029 914
1852 1202
2236 22
1866 615
886 94
1755 350
557 1879
2191 642
2130 956
1234 1386
2383 669
321 322
1884 1138
248 2391
366 226
347 820
122 245
707 1144
1067 369
1381 1870
1197 112
1870 2374
835 2292
643 5
590 1436
779 2330
142 2253
1978 1232
725 907
1034 1289
2170 2368
914 969
802 2302
306 1978
384 1468
1515 1680
501 1443
1649 230
1122 2004
734 187
245 933
1969 2348
269 33
1376 550
2364 1081
2265 942
678 68
945 885
894 1358
1736 1320
2132 847
2005 400
224 1292
445 412
2124 2117
1611 1054
2109 1213
578 609
467 1401
1903 1784
1547 1779
60 1865
1930 1710
341 1666
563 359
1667 1607
1030 1361
211 810
212 522
1218 1956
1133 869
887 307
148 1802
1567 1933
889 724
1498 1721
1883 1997
478 30
1441 137
550 1143
2285 1017
164 1829
203 850
379 494
1975 551
1918 2063
1199 449
1109 513
1827 300
1435 1036
886 1276
412 26
930 1906
1233 458
669 1484
1195 1651
985 575
1856 1601
302 1023
1842 273
2130 925
1319 238
2370 1379
360 2116
1606 1446
148 226
361 550
1943 1162
2309 1199
570 1576
662 1669
1699 141
1585 730
1837 2313
1229 1897
661 238
1979 1288
1775 316
1507 681
437 1401
2386 1568
1192 2135
1447 1314
1743 168
1613 1684
132 582
52 1480
2289 1123
1436 432
172 1488
1872 1913
229 1101
2298 613
751 2063
1609 1023
1233 1261
1886 1596
1834 1266
1328 1135
919 1189
664 1603
2322 762
651 1442
638 2242
1869 2045
672 72
870 1740
1107 1825
1846 306
2273 2135
1833 1001
1648 982
2043 493
1464 559
299 1171
315 2354
923 1991
2081 175
458 1768
2336 1070
1489 1984
1098 1574
2018 1687
2157 934
2014 182
191 443
579 546
936 192
1404 1227
1730 1763
1147 162
1731 432
1257 698
1992 1696
13 2213
2340 426
566 2286
346 1344
1459 2319
1028 1263
1676 505
1703 482
1305 1928
2187 987
219 503
7 1750
1372 418
522 2368
1778 1411
59 2097
533 1127
691 955
469 1189
793 451
25 472
1220 858
824 585
2139 1717
709 238
2232 1487
17 1204
1469 882
1187 2109
1833 965
371 233
288 1445
1330 606
60 896
586 266
2381 1813
906 1338
2213 691
1806 1845
251 823
1392 1179
772 2144
2165 2126
114 574
1659 1238
1363 2114
1763 1725
678 331
262 937
287 1177
1779 1752
2392 736
1790 911
1567 2154
2048 395
1624 731
1681 706
617 1356
425 243
660 1192
415 1372
2389 2181
1196 1902
2190 1053
126 1131
1780 292
2124 778
1640 2004
774 1434
1403 763
933 1207
2369 699
1349 343
552 2116
941 1886
723 351
1807 331
2302 2045
1983 1123
1713 2316
130 1096
1527 104
2013 1418
1200 1590
116 1164
1191 510
2390 1855
779 169
999 2217
1182 2040
1754 97
1065 406
2153 1594
1877 360
728 370
1793 1504
531 620
1519 589
1610 577
1260 879
1972 544
665 2371
962 910
1915 2303
1859 1335
2343 340
2298 2342
653 135
94 2136
937 1352
801 1446
1380 824
1464 1531
2345 1841
1286 104
675 133
2033 327
141 2054
2035 2107
363 2317
1994 1637
972 421
631 1706
455 43
1509 495
1632 1161
696 1374
1643 1788
842 1071
515 1581
1562 1348
884 260
1452 1896
466 1477
1612 1288
1935 1559
1184 1882
295 899
1989 2008
1841 1257
27 854
742 905
2365 603
1153 1536
2298 2353
2315 1978
1314 416
862 1232
2139 624
50 425
926 1680
1527 1471
1066 781
981 1725
1015 1624
1412 148
314 732
1101 1720
1092 1804
146 79
1647 386
99 1454
973 614
340 1202
293 108
999 117
1081 1026
1850 1047
1020 1675
2100 63
629 1426
1943 1861
1784 390
448 2297
1000 1592
828 534
131 153
823 325
1273 1838
2186 2238
685 625
623 92
11 2075
2086 2108
45 576
121 2272
52 1795
891 626
2165 299
586 2137
1449 356
1189 1212
2076 2352
659 1169
676 1923
1036 1126
1579 414
1074 1793
1215 575
924 350
1379 1612
2021 905
1032 2031
13 1389
2156 1866
1773 2199
405 1818
1772 497
580 434
2199 700
738 1032
2091 581
2378 553
2290 2355
1 784
841 1643
1053 1633
754 1924
457 1792
483 2240
2291 2196
1514 1414
1169 1910
1420 1681
877 1941
785 760
34 195
495 1650
966 169
497 2206
1709 1143
718 678
2116 1366
202 2255
1398 689
1992 1273
311 238
519 1441
1827 337
1693 1964
624 507
1707 1403
2384 14
383 1278
201 999
286 1861
817 1440
1062 235
412 1265
1225 621
1526 298
1116 1985
2263 1174
12 1507
716 2066
2051 1425
6 968
778 818
938 547
347 2242
2018 1922
2252 369
2166 1014
1728 1600
1851 2043
2325 917
254 415
204 1506
362 1440
2288 1659
1379 2376
2060 1139
1579 917
1365 2079
2003 508
761 2027
1410 226
890 1351
1677 411
113 1496
451 2258
1398 710
1657 465
1118 347
1945 265
619 1916
419 1855
1251 1460
301 957
136 1428
1016 1448
1984 1643
1092 1998
1847 1534
456 1204
2237 2355
2045 1365
1941 3
1206 2165
1966 636
73 1399
598 84
1019 771
1949 1931
578 1860
847 1568
1822 1439
682 1360
641 604
1057 847
190 2292
1100 1610
2225 544
1193 2080
1595 66
1767 159
1873 1881
717 1396
2279 1039
463 1398
1320 1072
1975 1380
1456 791
659 482
1152 886
342 1191
542 1764
2067 726
461 1590
1550 466
1132 2309
162 697
1685 2025
1333 1708
2245 1749
1501 62
21 49
1059 1396
54 1891
1741 971
1212 2135
512 1845
2197 650
2364 2283
109 976
255 1926
549 1084
1222 1690
938 193
1855 928
2143 941
2144 1632
1376 918
136 1221
511 184
28 213
29 1189
1931 1794
1727 2194
1280 180
2024 1783
2208 1562
623 621
1968 2041
1408 2140
2087 1678
1840 1685
346 1294
1842 786
727 838
1304 1488
1135 1224
2173 2067
933 284
1818 214
791 1313
153 394
10 2239
993 2161
1537 17
839 1497
1544 1712
286 332
1737 1005
75 1800
1746 2016
905 1951
153 1002
1806 1289
696 1572
1878 2013
68 36
1446 1634
970 849
1085 1816
2144 2
727 100
1999 2207
1010 1633
1308 1342
1298 650
833 1486
1294 359
1829 386
479 893
9 1019
460 1666
64 1488
2254 1055
2133 1015
1824 231
247 31
374 1708
1148 764
1803 181
920 1089
2014 2175
1383 1874
471 1729
1049 1381
605 1629
726 2283
624 1091
777 807
1307 480
830 77
846 1772
611 2320
2150 938
485 1932
2277 1074
1575 2214
1209 2307
1696 1695
980 1385
2183 706
1199 1239
732 2056
1815 2264
1511 773
1798 1167
1995 2211
1112 1552
2093 1854
1947 2010
468 952
1045 1532
1696 188
2193 2040
1823 889
1322 758
2087 135
1127 848
90 2206
649 1175
1272 2305
949 1249
1163 561
1137 16
208 2325
743 2390
757 1892
1062 474
1951 1122
751 886
52 1342
2111 1807
1214 1545
2151 1149
689 651
1469 1514
1418 1750
1949 774
1578 1370
871 22
171 759
2367 350
911 2082
380 1219
1901 542
821 140
1781 2275
655 2374
162 1007
2301 1876
1355 1420
1487 1899
334 1947
2318 1138
861 856
1619 25
1340 2344
2159 451
752 2385
1554 1079
2292 1609
2047 1838
942 1075
1724 1217
1747 2266
53 1236
78 2354
441 569
465 1890
2037 656
1096 1845
1990 1660
530 571
2347 1081
1794 1024
789 506
701 614
1868 1688
260 523
932 1242
622 986
423 1359
1019 2233
314 1482
2275 364
458 1149
804 339
2095 958
1927 103
2097 537
205 740
2340 1968
1286 1158
1539 323
250 2139
2363 2131
479 49
1018 1830
170 1383
780 566
659 375
1475 2327
669 354
1180 1493
1772 825
310 2243
1501 425
409 922
417 1332
423 221
769 1829
1172 888
2327 158
121 1219
1420 1006
1011 1948
2209 761
2220 832
523 1618
305 1292
1896 1566
1297 2030
1453 1915
145 1380
2016 2211
328 2262
1955 566
761 308
1838 1788
497 1273
1236 1367
1348 1654
1018 2380
1347 1815
1540 1218
705 728
1815 1424
1754 1657
1406 2094
635 1190
93 2038
941 1145
2356 1062
1604 765
84 2294
1736 2275
179 251
1374 1084
2338 1309
482 1578
2238 928
1688 827
197 163
380 1178
2043 2219
293 490
1407 1767
833 382
937 1056
1681 1771
2349 58
2365 1044
914 887
1439 2370
70 1431
886 1744
349 845
163 1010
526 1322
335 1611
560 1320
1971 1319
1547 318
1524 1260
1267 16
1906 74
1929 51
1085 2324
1609 448
1157 1981
842 1117
2198 554
207 925
1811 1468
810 1413
757 1380
1041 1922
1484 475
513 637
1727 444
2387 200
1433 1115
2034 379
2001 699
1785 1962
100 1177
89 672
1085 2059
1017 1102
1497 796
2176 970
2337 1614
279 809
872 894
2274 867
1053 1415
1532 1951
1578 2314
313 599
235 1458
151 1794
1205 2149
1977 2017
421 379
1650 92
588 1814
1686 1529
510 633
20 972
1621 31
2269 1048
965 2351
1196 1306
976 1746
1382 2296
1543 334
1905 2391
189 438
932 2359
2163 508
1438 248
2356 904
1043 152
1640 656
296 678
612 1327
925 1451
2219 65
1406 2281
2222 1412
1626 781
1741 463
1425 1311
1616 84
709 1555
1937 1160
1677 257
1369 2357
775 2060
6 1128
2049 1744
1032 1888
999 1991
1023 1689
1912 259
1301 2289
2079 612
1394 1721
736 847
1198 1411
1329 763
1742 2249
686 1602
1713 1291
852 116
353 458
3 266
1956 38
129 1152
2221 568
1231 335
312 547
2221 403
801 1454
248 1641
632 1508
1105 2230
509 1095
1612 1796
1761 2282
186 243
1244 2206
160 1431
1462 410
1186 1359
1937 551
492 797
2360 1632
243 1277
1125 1033
399 95
131 1874
324 969
1562 1011
995 141
101 1228
586 2182
612 2256
452 1882
2381 759
1219 375
946 1589
1645 160
1619 1816
2267 1708
1046 659
2055 1776
1295 935
612 1886
325 518
2234 2149
706 2002
342 11
1557 1834
131 1188
1877 757
894 28
1821 1643
147 1052
876 2196
1736 951
1611 459
2198 170
1408 537
239 215
1324 1046
2019 792
2187 659
230 367
2352 589
123 873
2051 2096
476 999
491 756
706 835
1789 440
2360 2247
1992 1430
1925 1090
859 242
416 846
2033 766
2341 476
1522 1688
1077 1960
222 1760
922 1487
986 1273
1112 61
23 1443
913 803
1956 1504
2043 1166
600 1810
1241 1738
355 874
522 2157
1860 1064
1216 1436
144 843
1017 1003
1270 2122
373 1249
1853 1038
1330 1033
1323 1215
1472 2274
348 1323
1113 2286
345 642
1221 540
911 2162
1582 938
896 1390
1577 1781
852 979
387 319
609 1054
1924 331
196 1986
1318 1920
66 2007
1151 983
1829 702
545 538
944 2342
2184 1860
2369 326
1052 215
757 313
118 2155
1655 1223
2371 410
1136 560
1062 1989
424 367
1998 507
2201 1727
1767 2048
1319 2051
699 125
1640 683
2239 84
438 1832
227 2331
1595 44
1938 14
361 1491
782 1148
453 565
1316 785
2148 1793
1498 356
344 2203
1801 1099
2109 704
198 1840
83 365
1268 1111
1351 748
2011 2361
1799 1798
2196 2107
1506 1525
572 1656
1213 2149
1347 1435
165 1301
715 381
2118 1120
385 724
1053 87
550 2141
652 1093
304 2016
1262 18
1578 967
1815 330
1895 1609
487 1421
1683 1697
1294 2016
2371 564
289 1782
0 1470
173 1841
2087 1273
1390 790
1786 756
1603 38
1285 1976
1745 1159
1675 367
1246 851
678 223
798 1040
1063 1529
1583 680
427 2187
827 906
552 2311
1081 511
331 360
19 604
1903 1387
1288 737
930 322
1379 106
521 1219
1048 1402
711 1393
937 2355
2137 172
1284 329
1226 776
1078 1339
1541 1554
311 1361
759 1141
1816 917
1864 250
2301 2360
180 2210
2288 876
149 1177
668 2389
547 1553
1514 543
505 2179
884 1082
559 600
2301 271
920 781
2050 1219
16 1203
1628 958
1321 465
278 462
1047 1707
1360 1692
1739 2070
907 1493
431 747
2163 1111
1547 2144
1750 539
1307 168
1397 1443
115 590
1251 1422
1655 450
1541 1165
1621 1253
1627 1245
1224 2280
901 713
1938 1021
1052 1867
751 973
1625 1373
2000 1955
1591 349
2062 995
258 108
1953 225
334 2221
463 2145
1315 1869
1779 657
2119 2263
2083 2226
1899 1525
1365 1859
546 1900
2366 154
1325 1075
2133 1123
784 1288
2308 2390
256 16
2298 1552
136 2044
1355 2323
2155 2221
149 1724
1577 27
475 1856
1968 1353
845 393
812 1479
166 1973
1382 1924
2181 640
1761 2112
1305 225
1597 1716
1012 1623
667 2129
939 195
520 794
860 1796
1976 847
1700 834
2253 950
121 72
1877 1079
1588 2319
2217 1303
238 2299
133 2358
1734 69
1521 7
1045 1076
1008 1925
1997 426
2336 1345
1887 570
996 1221
2288 217
2142 1210
363 301
2055 234
178 1334
1781 558
2343 1787
447 283
1391 788
1514 2214
2022 597
947 1643
1663 1123
750 160
1490 137
988 1320
2374 499
2091 2388
43 1297
518 2040
415 1841
1584 1619
2228 526
1337 1476
1108 56
2241 448
1957 682
1699 2053
412 2129
259 1791
26 628
1846 1035
1658 576
75 876
1657 788
2216 1828
2203 2012
1907 2327
1971 676
391 1540
250 897
1268 47
1619 393
865 2214
111 1533
2012 2390
2339 2297
911 1021
51 348
42 1326
1790 1345
1781 2103
1843 219
1049 1527
397 270
1167 1384
481 761
2182 1434
1327 875
1705 493
204 2248
2196 984
1742 1791
132 642
525 1950
152 371
1039 1113
1381 596
691 340
532 186
2277 1602
1088 1371
2210 157
306 1771
1393 1552
575 1824
1748 1370
204 2182
1696 2022
416 1502
1068 383
1947 1956
95 335
1693 1263
749 1200
191 192
1522 1229
2114 649
793 1305
440 398
313 2049
52 1730
1472 611
1815 1130
378 11
2179 169
2090 2052
1525 652
820 1827
571 1511
1728 541
1876 1836
1277 1553
520 1480
1880 1538
1305 1723
653 579
1499 1240
178 273
1966 751
1425 1075
1991 903
1714 1445
188 1959
1940 1881
940 930
228 576
813 258
2376 1003
1578 634
1476 392
1760 1192
642 2276
2298 2142
573 1142
1858 2220
1468 1234
2275 1943
1088 356
2122 1741
126 1594
491 588
1993 1908
489 1915
2359 462
1516 1388
108 156
342 1161
1615 2351
751 899
782 1756
2234 1928
1210 1481
182 1927
1105 1307
491 120
1295 1605
1473 1071
290 710
206 730
24 1350
1533 1640
544 1130
2312 2092
2273 2158
2085 1106
408 2372
1598 1127
671 1931
912 1323
1067 1916
1811 105
335 1279
249 1766
594 1217
2369 426
1801 426
1104 1528
513 320
1133 1054
1934 2211
18 1230
1045 41
206 800
179 1146
1006 1564
1840 771
874 1659
584 713
318 176
1311 2169
1388 1212
992 1439
881 1712
1101 1563
1479 460
2370 1097
1493 209
123 358
671 637
534 177
1273 363
982 1177
1993 38
1660 1362
817 2207
1229 837
683 1766
1249 921
1603 1567
1813 108
2377 195
1632 961
1887 2192
1621 1839
1339 161
358 1874
2350 2259
951 2133
546 839
2218 396
1190 1812
234 1927
795 723
666 340
2334 2135
57 291
2006 1019
626 351
729 1597
1788 1596
880 184
1969 960
412 2056
677 381
829 1860
1512 316
2343 1599
2136 1181
1014 1887
2338 878
1237 2251
1366 1537
287 2374
1739 1463
870 157
2360 2068
1738 1213
1260 67
194 1996
1777 681
2278 999
70 2203
863 283
1375 2270
2110 33
671 801
110 211
1660 591
1493 1218
745 457
2221 703
1266 657
2188 983
57 927
1427 1161
1469 1585
1831 1596
1551 2375
343 1116
1759 2270
1909 1665
2172 1755
1409 1017
2069 1652
289 1463
2131 1121
1143 2120
1974 1297
401 646
282 10
2135 1164
1308 155
724 679
2235 1867
1652 836
446 1441
892 2257
88 2187
1458 1264
1975 1216
1556 1618
1218 888
1638 2033
37 114
71 1582
794 276
460 1844
2057 1939
1694 13
1450 1903
2328 2252
1275 1931
370 55
592 1795
1110 989
2229 1492
1718 1367
1417 647
1387 2104
1005 2369
436 47
2165 240
2260 670
1421 1518
132 1416
587 512
456 1258
546 1341
1446 2099
1114 551
375 1670
356 2123
1211 536
962 733
988 623
1385 333
282 252
2046 508
991 443
1951 1486
2052 1891
1271 668
2162 747
896 1404
1289 2248
2319 1520
1435 974
170 207
946 1962
1984 1513
241 101
1295 2100
1409 357
2345 1686
1702 404
356 2250
2180 1859
801 602
627 2303
643 216
685 280
276 555
240 1580
1994 1282
2273 1679
799 953
470 305
1893 896
599 1833
102 688
877 241
1852 1988
529 33
972 478
1793 2164
806 1142
837 952
1530 906
755 1593
2207 1688
1238 1842
1055 643
111 2378
502 905
2357 1205
1496 1235
1374 2167
2199 402
1600 1273
572 2331
2390 1402
389 1050
1247 1339
1478 235
1655 376
713 133
1466 887
195 644
103 1272
2187 1751
439 1039
1702 1469
647 1162
1881 479
407 2235
958 767
1326 1995
1849 1393
1434 139
629 1427
39 2307
2262 82
2238 102
1218 2372
1535 2235
691 603
814 857
496 201
793 1437
1554 654
1466 929
1644 999
1706 199
527 549
1487 1503
608 1537
849 1913
92 1828
1390 1533
695 2098
1921 1249
971 1863
2160 1269
114 816
1997 708
1177 900
2178 1656
1422 517
1342 1197
2023 1650
1325 98
162 2273
1877 1522
1911 1024
1893 2200
1115 2219
2245 2139
2033 2251
2383 646
799 724
350 1579
583 571
2188 301
1384 2332
1690 2224
1970 1714
1569 560
1554 808
1392 1480
2223 386
741 2281
420 2065
1653 1630
1331 1110
562 1989
1094 518
768 125
1698 656
811 727
2346 1622
1415 2183
116 2196
937 368
922 1119
1378 2195
1426 1312
2208 1498
328 733
774 1870
370 645
35 1593
1974 424
156 379
1429 454
1830 534
2335 400
1256 518
2362 107
388 1061
1157 720
663 479
2292 91
1954 1752
1661 2110
2108 1189
1799 911
625 1451
1651 1977
1847 1741
909 1314
1958 2181
1101 235
1585 1835
428 988
85 2291
520 413
542 916
1490 1230
717 1688
334 1961
1746 1885
859 1402
1477 1337
149 1310
331 299
1290 422
2228 1963
1621 2388
1257 187
2077 965
2074 2076
1226 1967
2388 763
641 2373
2089 1506
644 2028
377 784
24 1780
593 1318
643 1005
807 468
1732 644
883 125
1659 998
2036 1753
1460 1425
770 378
769 2181
1042 644
837 365
